-3
7
-17
14
-2
16
16
-4
20
14
-8
-19
-3
-18
-13
7
-14
11
-4
5
10
9
11
-19
-12
8
-1
-12
-15
-3
7
-17
14
-2
16
16
-4
20
14
-8
-19
-3
-18
-13
7
-14
11
-4
5
10
9
11
-19
-12
8
-1
-12
-15
-3
7
-17
14
-2
16
16
-4
20
14
-8
-19
-3
-18
-13
7
-14
11
-4
5
10
9
11
-19
-12
8
-1
-12
-15
-3
7
-17
14
-2
16
16
-4
20
14
-8
-19
-3
-18
-13
7
-14
11
-4
5
10
9
11
-19
-12
8
-1
-12
-15
-3
7
-17
14
-2
16
16
-4
20
14
-8
-19
-3
-18
-13
7
-14
11
-4
5
10
9
11
-19
-12
8
-1
-12
-15
-3
7
-17
14
-2
16
16
-4
20
14
-8
-19
-3
-18
-13
7
-14
11
-4
5
10
9
11
-19
-12
8
-1
-12
-15
-3
7
-17
14
-2
16
16
-4
20
14
-8
-19
-3
-18
-13
7
-14
11
-4
5
10
9
11
-19
-12
8
-1
-12
-15
-3
7
-17
14
-2
16
16
-4
20
14
-8
-19
-3
-18
-13
7
-14
11
-4
5
10
9
11
-19
-12
8
-1
-12
-15
-3
7
-17
14
-2
16
16
-4
20
14
-8
-19
-3
-18
-13
7
-14
11
-4
5
10
9
11
-19
-12
8
-1
-12
-15
-3
7
-17
14
-2
16
16
-4
20
14
-8
-19
-3
-18
-13
7
-14
11
-4
5
10
9
11
-19
-12
8
-1
-12
-15
-3
7
-17
14
-2
16
16
-4
20
14
-8
-19
-3
-18
-13
7
-14
11
-4
5
10
9
11
-19
-12
8
-1
-12
-15
-3
7
-17
14
-2
16
16
-4
20
14
-8
-19
-3
-18
-13
7
-14
11
-4
5
10
9
11
-19
-12
8
-1
-12
-15
-3
7
-17
14
-2
16
16
-4
20
14
-8
-19
-3
-18
-13
7
-14
11
-4
5
10
9
11
-19
-12
8
-1
-12
-15
-3
7
-17
14
-2
16
16
-4
20
14
-8
-19
-3
-18
-13
7
-14
11
-4
5
10
9
11
-19
-12
8
-1
-12
-15
-3
7
-17
14
-2
16
16
-4
20
14
-8
-19
-3
-18
-13
7
-14
11
-4
5
10
9
11
-19
-12
8
-1
-12
-15
-3
7
-17
14
-2
16
16
-4
20
14
-8
-19
-3
-18
-13
7
-14
11
-4
5
10
9
11
-19
-12
8
-1
-12
-15
-3
7
-17
14
-2
16
16
-4
20
14
-8
-19
-3
-18
-13
7
-14
11
-4
5
10
9
11
-19
-12
8
-1
-12
-15
-3
7
-17
14
-2
16
16
-4
20
14
-8
-19
-3
-18
-13
7
-14
11
-4
5
10
9
11
-19
-12
8
-1
-12
-15
-3
7
-17
14
-2
16
16
-4
20
14
-8
-19
-3
-18
-13
7
-14
11
-4
5
10
9
11
-19
-12
8
-1
-12
-15
-3
7
-17
14
-2
16
16
-4
20
14
-8
-19
-3
-18
-13
7
-14
11
-4
5
10
9
11
-19
-12
8
-1
-12
-15
-3
7
-17
14
-2
16
16
-4
20
14
-8
-19
-3
-18
-13
7
-14
11
-4
5
10
9
11
-19
-12
8
-1
-12
-15
-3
7
-17
14
-2
16
16
-4
20
14
-8
-19
-3
-18
-13
7
-14
11
-4
5
10
9
11
-19
-12
8
-1
-12
-15
-3
7
-17
14
-2
16
16
-4
20
14
-8
-19
-3
-18
-13
7
-14
11
-4
5
10
9
11
-19
-12
8
-1
-12
-15
-3
7
-17
14
-2
16
16
-4
20
14
-8
-19
-3
-18
-13
7
-14
11
-4
5
10
9
11
-19
-12
8
-1
-12
-15
-3
7
-17
14
-2
16
16
-4
20
14
-8
-19
-3
-18
-13
7
-14
11
-4
5
10
9
11
-19
-12
8
-1
-12
-15
-3
7
-17
14
-2
16
16
-4
20
14
-8
-19
-3
-18
-13
7
-14
11
-4
5
10
9
11
-19
-12
8
-1
-12
-15
-3
7
-17
14
-2
16
16
-4
20
14
-8
-19
-3
-18
-13
7
-14
11
-4
5
10
9
11
-19
-12
8
-1
-12
-15
-3
7
-17
14
-2
16
16
-4
20
14
-8
-19
-3
-18
-13
7
-14
11
-4
5
10
9
11
-19
-12
8
-1
-12
-15
-3
7
-17
14
-2
16
16
-4
20
14
-8
-19
-3
-18
-13
7
-14
11
-4
5
10
9
11
-19
-12
8
-1
-12
-15
-3
7
-17
14
-2
16
16
-4
20
14
-8
-19
-3
-18
-13
7
-14
11
-4
5
10
9
11
-19
-12
8
-1
-12
-15
-3
7
-17
14
-2
16
16
-4
20
14
-8
-19
-3
-18
-13
7
-14
11
-4
5
10
9
11
-19
-12
8
-1
-12
-15
-3
7
-17
14
-2
16
16
-4
20
14
-8
-19
-3
-18
-13
7
-14
11
-4
5
10
9
11
-19
-12
8
-1
-12
-15
-3
7
-17
14
-2
16
16
-4
20
14
-8
-19
-3
-18
-13
7
-14
11
-4
5
10
9
11
-19
-12
8
-1
-12
-15
-3
7
-17
14
-2
16
16
-4
20
14
-8
-19
-3
-18
-13
7
-14
11
-4
5
10
9
11
-19
-12
8
-1
-12
-15
-3
7
-17
14
-2
16
16
-4
20
14
-8
-19
-3
-18
-13
7
-14
11
-4
5
10
9
11
-19
-12
8
-1
-12
-15
-3
7
-17
14
-2
16
16
-4
20
14
-8
-19
-3
-18
-13
7
-14
11
-4
5
10
9
11
-19
-12
8
-1
-12
-15
-3
7
-17
14
-2
16
16
-4
20
14
-8
-19
-3
-18
-13
7
-14
11
-4
5
10
9
11
-19
-12
8
-1
-12
-15
