76448
76246
77298
76601
76629
76855
76697
76509
76129
76578
76452
76604
76359
76765
76475
76590
76396
76693
77313
76357
76415
76358
76198
75795
76622
76069
76551
76463
76512
76373
76383
76279
76322
76864
76389
77456
76428
76514
76518
76767
76573
76136
76659
76145
76887
76448
76813
76644
76305
76736
76593
76919
75978
77239
76763
76660
76695
77018
76819
76564
76801
76874
76788
76504
76896
76334
75869
76781
76588
76173
76580
76194
76339
75935
75957
76665
77031
76761
76556
76822
77058
76819
76449
76575
76129
76449
76444
77111
76292
76059
76366
76651
77112
76652
77412
76859
77026
76228
76710
76498
76585
76872
76605
76063
76310
76919
76937
77031
76336
76374
76643
76717
76483
76171
76757
76733
77055
76751
76408
76950
76354
76175
76854
76171
76004
76316
76430
76785
76272
76580
76547
76302
76613
76759
77255
77043
76621
76800
76373
76883
77071
76489
76305
76765
76748
76726
76718
76477
76690
76726
76826
76201
76503
76631
76745
76480
76000
76523
76769
77024
76970
76623
76754
76903
76864
76480
76876
76482
76624
76245
76358
76512
76757
76509
76425
76746
76255
76633
76755
76603
76372
76963
76250
76291
75888
76098
76416
76120
76409
76195
76321
76819
76430
77089
76399
76523
76803
76370
76900
76675
76220
76666
76447
76233
76122
76828
76870
76822
76354
76794
76379
77234
77017
76849
76001
76474
76797
76700
76518
76664
76250
76421
76386
77102
76323
76431
76585
76419
77079
76797
76538
76979
77172
76535
76816
76288
76018
76464
76752
76486
76250
76538
76478
76946
76533
76875
76616
76021
76663
76953
76197
76655
76928
76423
76317
76339
76520
75866
76684
76552
76632
76401
76563
76539
76318
76294
76618
76529
76775
76394
76765
76388
76818
76746
76585
76003
76084
76796
76200
76518
76698
76803
76853
76813
76158
76353
77160
76692
76085
76587
76754
76596
77083
76568
76592
76925
76504
76292
76608
76772
76455
76877
76544
76352
76562
76248
76157
76885
76379
76287
76203
76054
76569
76273
76744
76350
76189
76746
76562
76671
76108
76440
75935
76362
76722
76690
76465
76664
76906
76860
76745
76754
76604
76739
76762
76168
76271
76096
76695
76618
76519
76686
76378
76476
75800
76461
76429
76888
76579
76540
76401
76053
76345
77054
77099
76228
76957
76178
76673
76755
76627
76053
76694
76754
76538
77050
76313
76562
76369
76408
76516
76767
76133
76767
76071
76793
76923
76874
76791
76734
76656
76611
76549
76285
76543
76219
76638
76797
77044
76571
76477
76112
76303
76733
76224
76252
76581
76611
76696
76728
76107
76908
77033
76876
76236
76654
76451
76701
76689
76613
76443
76615
76758
76467
76685
76734
76974
76534
76497
76566
76399
76590
76172
76267
76547
76769
76926
76939
76225
76342
76403
76277
76587
76377
76900
76459
76254
76607
77008
76758
76962
76408
77055
76490
76935
76163
77275
76490
76854
76464
76307
76845
76319
76085
76748
76945
76183
76348
76894
76119
76118
76253
76785
76605
76413
76401
76663
76996
76894
76420
76699
76714
76531
76200
76078
76730
76459
76528
76227
76718
76514
76593
76636
76962
76715
76099
76373
77250
76828
76607
76924
76361
77329
76551
76171
76589
76845
76863
76224
77293
76462
76531
76378
76688
76437
76611
76503
76009
76591
76563
76102
76307
76507
76880
76706
76379
76713
76521
76605
76566
76667
76552
76247
76698
76872
76302
76764
76354
76789
76793
76305
76543
76972
76519
76434
76486
76811
76751
76524
76594
76999
76405
76908
76217
76908
76344
76767
76473
75831
76777
76065
76867
76281
76686
76147
76644
76666
76358
76558
76726
76773
76502
76663
75886
76744
76633
76770
76787
76845
76151
76482
76349
76775
76428
76039
76790
76425
76243
76086
76686
76782
76766
76686
77195
76405
76100
76560
76190
77008
76308
76969
76450
76582
76210
76384
76424
76227
76923
77149
77160
76595
75982
76740
76182
77126
76476
77101
76061
76913
76595
76787
76770
76650
76606
76474
76465
76853
77221
76502
76300
76171
76963
76443
76279
76148
76723
76507
76799
76389
76099
76590
77247
76467
77026
77089
76759
76316
76397
76376
76945
76561
76751
76763
75893
76304
76429
76771
76603
76457
76711
76917
76421
76381
76922
77167
77062
76419
76983
76857
77056
76894
76401
76461
76315
76839
76851
76579
76738
76538
76714
76395
76238
76362
76685
76496
76270
76239
76722
76575
77199
76410
76490
77355
76541
76049
76749
76302
76360
75932
76377
76488
76866
76760
76177
76467
76597
76905
76984
76503
76845
76418
76371
76770
76423
76676
76569
76546
76870
76884
76682
76503
76429
76444
76484
76473
76516
76382
76352
76581
76617
76579
76640
76337
76476
76314
76192
76857
76705
76862
76429
76882
76816
76602
76939
76476
76638
76621
76668
76352
76733
77020
76712
76546
76722
76303
76693
77226
76655
76375
76584
76540
76846
75961
76973
76448
76376
76818
76988
75937
76388
76122
76311
75977
76768
76441
76942
76604
76335
77044
76555
76480
76760
76625
76646
76286
76040
76599
76693
76366
76742
76720
76666
76409
76743
76345
76911
76489
76206
76361
76216
76370
76495
76485
76802
76510
76135
76631
76413
76733
76403
76621
76378
76151
76423
76786
76412
76615
76441
76930
76571
76624
76575
76300
77039
76911
76384
75952
76707
76730
76485
76677
76667
76411
76847
76371
76406
76414
76464
76839
76484
76148
76250
76392
76228
76835
76113
76816
76493
76400
76662
76263
76395
76551
76790
76636
76341
76517
76416
76276
76640
76472
76132
76454
76294
76412
76678
76514
76117
76572
76682
76252
76537
76734
76566
76588
75898
76481
76559
76832
76429
77056
76751
76492
76640
77080
76368
76350
76061
76776
76558
76403
76210
76560
76676
76025
76387
77220
76128
76216
76961
76473
76239
76401
76885
76611
76303
76940
76518
76464
76281
76239
76848
76568
76501
76505
76968
76392
76573
76395
76142
76588
75877
76395
76074
76827
76790
76577
76677
76329
76359
76437
76538
75928
77095
76690
76849
76646
76728
76766
76644
76742
76717
76772
77045
76468
76295
76474
76731
76762
76594
76856
76110
76976
76667
76270
76520
76690
76561
76456
76701
76532
76720
76616
75723
76648
76746
75984
76062
76429
76768
76177
76510
76507
76703
76573
76713
77421
76851
76174
76777
76526
77025
76676
76957
76518
76275
76651
76590
76598
76646
76916
76684
76568
76906
76661
76276
76706
76835
76476
76742
76075
76664
76394
76246
76735
76703
76327
76641
76391
76646
76687
76333
76654
76428
76396
76672
77133
76456
76729
76694
77110
76950
76553
76102
76580
76207
76519
76616
76247
76662
76023
76434
76273
76783
75910
76727
76347
76708
76482
76444
76598
76543
76818
76546
76845
76931
76798
76679
76410
76525
76553
76461
76607
76370
76760
76976
77012
76667
76447
76712
76141
76333
75848
76365
77196
76751
76463
77186
76602
76152
76370
76514
76340
76587
76272
77018
77031
77032
76850
76535
76463
76866
76393
77167
76536
76484
76659
76407
76315
76264
76605
76613
76400
76006
76549
76314
76815
77184
76569
76823
76734
76879
76854
76836
76260
76046
76252
76287
76924
76687
76519
76677
76198
76459
76510
75991
76663
76533
76284
77029
76411
76469
76444
76400
76881
76814
76577
76199
76316
76643
76223
76494
77180
76378
76467
76698
76435
76434
76662
76514
76136
76605
76499
75954
77311
76194
76219
76561
76182
76616
76367
76987
76536
76590
76501
76664
76316
76235
76409
76596
76347
76353
76611
76368
76906
76456
76520
76324
76929
76551
76760
76216
76120
76463
76523
76312
76459
76321
76400
76869
76909
76481
76479
76166
76479
76935
77030
76459
76604
76772
76631
76467
76997
76400
76451
76553
76063
76656
76380
76473
76607
76648
76166
76206
76749
76759
76623
76496
76745
76150
76538
76842
76722
76472
76154
76800
76513
76309
76610
76742
76195
76535
77078
76840
76619
76982
76928
76530
76256
76743
76619
76739
76562
76271
76820
76564
76766
76454
76466
76228
77023
76449
76137
76715
76721
76625
76507
76583
76952
76527
77021
76411
76951
76358
76177
77187
77006
76977
76682
76173
76434
76589
76282
76471
76392
76433
76541
76598
76382
76588
76971
76590
76270
76817
76590
76642
76879
76601
76325
77210
76821
76562
76314
76454
76477
76517
76623
76485
76298
76199
76561
76690
76795
76469
76743
76661
76722
76644
76482
76542
76861
76411
76346
76347
76871
76386
76707
76417
76301
76371
76741
76913
76488
76764
76378
76467
76788
76786
75841
76108
76553
76859
76671
76413
77289
76672
76690
76096
76857
76586
76691
76541
77001
76578
76634
77048
76267
76574
76063
76405
76432
76661
76427
76267
76796
76609
76682
76619
76297
76175
76534
76467
76925
76950
76793
76550
76615
76610
76418
76715
76644
76078
75976
76466
75989
76557
76858
76294
76042
76632
76039
76478
76352
76055
76909
76891
76683
76541
76354
76655
76927
76242
76682
76347
76285
76153
76997
76023
76288
76647
76589
76618
76089
76351
77220
76659
76540
76941
76253
76685
76290
76551
76728
76361
76636
76527
76725
76576
76269
76920
76130
76568
76532
76791
76758
76764
76226
76583
76918
76349
77018
76845
76083
76407
76557
75833
76753
77168
76680
76978
76441
76625
76503
76682
76732
76315
76725
76270
76690
76537
76227
76500
76082
76696
76408
76387
76353
76270
76169
76517
76304
77066
76987
76625
76752
76505
76793
76265
76355
76829
76355
76011
76855
76466
76467
76909
76952
76700
76419
76456
76903
76690
76724
76901
76511
76900
76288
76495
76234
77304
77470
76261
76788
76563
76898
76843
76694
76239
76449
75705
76341
76972
76822
76790
76342
77062
76342
76731
76900
76745
76400
76844
76732
76671
76908
76591
76423
76711
77008
76158
76514
76368
76612
76911
76506
76485
76569
76719
76851
76917
76516
76228
76513
76322
76969
76190
76445
76800
76416
76279
76692
76513
76757
76702
76858
76887
76513
76647
76897
76714
76232
76435
76206
76422
76535
76911
76711
76130
76926
76790
76407
76412
76673
76416
76769
76233
76693
76311
76761
76254
76563
76591
76878
76969
76727
76849
76765
77078
76996
76518
76455
77042
76878
76326
76890
76840
76308
76493
76541
76659
76222
76034
76696
77161
76592
76025
76678
76195
76349
76526
76728
76490
76734
76770
76605
76433
76597
76223
76829
76839
76689
76589
76707
76439
76871
76575
76426
76933
76360
77133
76351
76351
76718
76548
76115
76938
76494
77026
76503
76785
76710
76427
76217
76937
76850
76441
76292
76536
76076
76869
76788
76675
76511
76207
76243
76097
76675
76601
76581
76238
76651
76292
76358
76369
76074
76794
76633
76708
76260
76585
76627
76496
76659
76320
76871
76605
76570
77169
76844
76379
76355
76678
76195
76630
76108
76417
76867
76118
75997
76095
76521
76540
76464
76027
75831
76631
76338
76620
76641
76838
76753
76430
76158
76169
76387
76594
76759
76748
76252
75919
76616
76584
76855
76999
75983
76315
77093
76467
76793
76071
76278
76620
76894
76936
76900
76874
76471
76735
76399
76266
76419
76419
76335
76776
76968
76728
76777
76376
76435
76355
76473
76359
76040
76310
76324
76498
76986
75961
77411
76573
76723
76458
76231
76649
76071
76665
76152
76412
76686
76475
76450
76811
76294
77029
76704
76881
76749
77140
76479
77218
76753
76259
76667
76678
76089
76605
76295
76334
76509
75986
76195
76575
76351
76793
76783
76722
76917
76560
76452
76379
76607
76764
76929
76729
76378
76523
76647
76721
76509
76740
76815
76195
76512
76283
76030
77001
76730
76628
76306
76592
76528
76719
76188
76681
76363
76719
76659
76232
76434
76664
76590
76161
76020
77164
76647
76665
76378
77078
76520
76414
76385
76590
76667
76644
76031
76703
76672
76784
76727
77064
77074
77029
76505
76071
76643
76483
76705
77113
76359
76341
76444
76246
76779
76583
76441
76603
76470
76337
76567
76831
76391
77178
76367
76639
76398
76581
76462
76474
76424
76641
76643
76870
76336
76102
76623
76646
76457
76369
76264
76736
76923
76313
76422
76896
76694
76357
76566
76466
76114
77129
77065
76312
76731
76648
76712
76543
76624
76492
76580
76414
76709
76403
76331
76773
77014
75767
77243
76785
76926
76433
76327
76919
76177
76923
76244
76527
76368
76372
76365
76930
76293
76525
76713
76803
76507
76787
76680
76572
76371
76630
76606
76337
76869
76769
76553
76529
76628
76433
76265
75997
76709
76341
76339
76270
75975
77357
76755
76906
76436
76321
76468
76688
76129
76652
75937
76234
76389
76899
76674
77299
76171
76644
76304
76540
76427
76181
76164
75828
76778
76425
76625
76297
75968
76043
76576
76621
76455
76394
76448
76122
76173
76134
77035
76285
76791
76676
76084
77043
76892
76415
76734
76521
76195
76722
76555
76711
76511
76855
77003
76578
76827
76903
76190
76719
76349
76562
76583
76414
76064
76512
77129
76467
76244
76399
77059
76545
76351
76236
76383
76978
76341
76386
76767
76555
76926
76490
76141
76780
76888
76409
76297
76871
76551
76603
76600
76546
76387
76347
76679
76185
76612
77115
76678
76346
76211
76788
76659
76831
76163
76652
76596
76323
76613
76679
76885
76508
76336
76242
76429
76621
76391
76719
76393
76713
76688
76573
76615
76611
76614
76736
76594
76402
76623
76536
76941
76847
76561
76482
76267
76729
76434
76551
76374
76412
76604
76339
76479
76348
76554
76842
76460
76885
76406
76594
76675
76370
76673
76600
76880
76150
76680
76986
76431
76052
76538
76939
76824
76690
76380
76586
76340
76952
76918
76559
76712
77146
76323
77159
76338
76687
76515
76138
76839
76439
76614
76338
76095
76288
76525
76251
76305
76924
76569
76568
76634
76583
76592
77019
76357
76319
76656
76824
76930
76255
76826
76636
76416
76717
76925
76395
76574
76224
76768
76027
77256
76661
77064
76214
76524
76620
76833
76508
76173
76897
76562
76109
76546
76717
76902
76478
76477
76657
76653
76205
76996
76382
76786
76728
76002
76741
76942
76632
76361
76647
76886
76220
76446
76282
76552
76675
76876
76409
76521
76902
76672
76974
76577
76583
76963
76780
76009
76249
76493
77143
76567
76142
76256
76532
76421
75900
76527
76547
76199
76343
76928
76533
76568
76627
76764
76247
76821
76328
76510
76333
76842
76527
76311
76195
77012
76702
76717
76319
76863
76579
76450
76430
77001
76487
76350
76642
76331
77014
76985
76469
76732
76428
76210
76498
76443
76342
76293
76152
76738
77255
76340
76260
76286
76241
76703
76417
76316
76322
76304
77145
77093
76697
76630
76860
76353
76523
76355
76832
76235
76988
76613
76362
76979
76185
76633
76199
76639
76651
76377
76565
77175
76600
76741
76528
76235
76267
76756
75982
76288
76754
76363
76183
76858
76237
76790
76674
76542
76796
76651
76901
76585
76363
76436
76642
76865
76661
76677
76372
76426
76379
76481
77052
76296
76675
76701
76080
76681
76812
76263
76712
76622
76451
76529
76692
76256
76050
76525
76519
76564
76584
76314
75637
76515
76234
76444
76612
76345
76670
76235
76566
76639
76504
76425
76336
76508
76940
76527
76670
76581
76323
77055
76851
76502
76218
77280
76624
76737
76461
76714
76292
76452
76785
76417
76724
76408
76625
76188
75911
76335
76978
76916
76332
76561
76383
76257
76359
76892
76925
76059
77174
76789
76480
76692
76802
76488
76581
76421
76361
76625
76910
76796
76809
76515
76549
76643
76735
76830
76355
76549
76344
76572
76668
76528
76594
76749
76572
76919
76551
76666
76629
76446
76632
76300
76500
76978
76869
76587
76817
76697
76755
77138
76867
76698
76360
76255
76587
76401
76776
76826
76614
76492
76939
76476
76706
76273
76612
77081
76524
76390
76045
76656
76763
76448
76781
76746
76532
76906
76092
76393
76543
77015
76049
76651
76969
76643
77324
76086
77172
76645
76139
76719
76486
76667
76439
76797
76543
76826
77097
76479
76500
76951
77124
76522
76728
76555
76792
76474
76665
76750
76311
76582
76613
76563
76612
76451
76479
76584
76918
76506
76223
76540
76901
76826
77007
76213
76510
75817
77147
76281
76523
76712
76851
76393
76517
76396
76272
76068
76373
76540
76690
76606
76424
76149
76014
76739
76549
76042
76367
76403
75940
77026
76190
76691
76832
76449
76307
76527
76218
76626
76529
76724
76592
76609
76722
76599
77099
76332
76717
77064
76297
76487
76175
76228
76403
76425
76317
76525
76990
76378
76294
76217
76639
76898
76763
76927
76600
76262
76570
76695
76559
76506
76406
76364
76522
77286
76528
76822
76539
76986
76744
76351
76769
76790
76415
76370
76573
76690
75996
76409
76507
76657
76202
76785
76228
76737
77138
76458
76887
76665
76200
76534
76645
76549
76429
76527
76741
76934
76841
76651
76712
76583
76360
76364
75953
76771
76677
76337
76196
76344
76439
76574
76884
76455
76609
76397
76540
76841
76615
76635
76587
76593
76644
76405
77100
76341
76637
77158
76215
76236
76714
76366
76439
76370
76343
76542
76281
76239
76426
76035
76234
76630
76910
76807
76758
76437
76753
76491
76804
75855
76762
76469
76399
76599
76621
76740
76209
76443
76390
76562
76911
76575
76679
76242
76392
76761
76386
76901
76425
76851
76430
76995
76884
76940
76261
76929
76639
76595
76495
76485
76330
76557
76228
76287
76900
76571
76461
76450
77168
76138
76570
77320
76181
76489
76383
76392
76032
76108
75802
76732
76602
75966
76489
76474
76708
76209
76537
76879
76438
76289
76190
76492
76444
77116
76523
76394
76893
76812
76582
76728
76975
76515
76464
76259
77056
76669
76756
76341
76743
76212
76488
76464
76682
76774
76562
76708
76108
76990
76354
76687
76513
76335
76158
76183
76483
76654
76632
76749
76933
75837
76705
76253
76627
76683
76419
76329
76941
76342
77030
76774
77075
76110
76585
76408
76159
76262
76097
76789
76877
76590
76431
76546
76643
76259
76526
76208
76853
76737
76881
76729
76373
76056
76015
76527
76231
76460
76317
76469
76343
76725
76581
76740
76476
76390
76900
76739
76020
76629
76886
76428
76479
76597
76724
76677
76493
76564
77068
76297
76218
76551
76554
76515
76207
76859
76563
76502
76968
76185
76497
76149
76446
76879
76844
76469
76498
76166
76406
76284
76328
76563
76877
76422
77036
76908
76572
76478
76482
76553
76564
76760
76621
76269
76540
76331
76166
76484
76868
76505
76644
76655
75955
76447
76470
76088
76098
76868
76553
76301
76289
77026
76514
76986
76151
76484
76421
76550
76738
76705
76434
76498
76505
76541
76859
76731
76805
76294
76349
76587
76056
76692
76765
76597
77184
76860
76819
76958
76498
76154
76166
76099
76991
76472
76329
77193
77527
75975
76509
76734
76734
76300
76160
76884
76590
76608
76425
76872
76129
76922
76775
76666
76947
76529
76390
76356
76540
76582
76435
76729
76437
76457
76426
76737
76112
76712
76608
76406
76240
76384
76399
76719
76660
76277
76284
75962
76394
76655
76600
76674
76909
76538
76985
76661
76588
76535
76642
76559
76145
76296
76408
76184
76814
76723
76017
76619
76546
76023
76438
76645
77334
76079
76338
76492
76752
76848
76841
76514
76526
76546
76708
76351
76327
76348
76289
76502
76282
76851
76668
76497
76449
76527
76349
76416
76748
76498
76778
76531
76625
76527
77062
76594
76564
76604
76326
76588
75914
76410
76505
76412
76672
76775
76777
76116
76639
76450
76167
76315
76512
76462
76081
77166
75941
76619
76353
76334
76583
76268
76602
76076
76143
76036
76293
76925
76857
76430
76916
76242
76746
77196
76795
76379
76746
76534
76301
76709
76207
76885
76516
76178
76472
76544
76786
76461
76768
76556
76769
76665
76288
76262
76549
76737
76134
76995
76111
76689
76534
76754
76426
76538
76290
76590
76304
76555
76860
76249
76561
76763
76544
76655
76360
76434
76631
76154
76445
76426
76434
76624
76890
76493
76878
76346
76805
76719
76331
76981
76316
75937
76543
76789
76373
76451
76746
76377
76192
76218
76147
76717
76374
76301
76823
76605
76131
76354
76508
76773
76611
76591
76871
76593
76891
77033
76733
76313
76450
76205
76941
76619
76622
76855
76433
76538
76479
76694
76409
77129
76341
76351
77098
76429
76298
76405
76715
77059
76533
76996
76417
76814
76377
76472
76707
77030
76257
76258
76125
77097
76703
76151
76405
76309
75945
76858
76739
76606
76286
76299
76880
76610
76428
76258
76475
76204
76491
76854
75632
76506
76916
77158
76439
76758
76276
76400
76349
76891
76791
76873
76166
76329
76567
76782
76446
76224
76742
76719
76408
76827
76630
76495
76657
76331
76274
76706
76450
76776
76658
76591
77225
76046
76653
76951
76448
76714
76396
77014
76678
76797
77312
76865
76399
76433
76482
76164
76853
76773
76509
76797
76254
76407
76301
76516
76092
76224
76257
77005
76806
76459
76701
76170
76968
76302
76415
76922
76858
76561
76679
77178
77033
76784
76601
77175
77048
76472
76094
76591
75958
77015
76595
76786
76796
76730
76085
76334
76727
76381
75967
76839
76734
76750
76590
76998
76649
76747
77137
76654
76122
76842
76807
76440
75974
76326
76354
76197
76541
76730
76531
76510
77042
76826
76878
76532
76524
76630
76450
76642
76290
76184
77048
76298
76518
76643
76365
76363
76601
76820
76835
76083
76888
76442
76395
76284
76014
76181
76296
76555
76548
76827
76905
76023
76590
76542
76636
76013
76980
76715
76514
76371
76676
76523
76350
76404
76130
76762
76882
76864
77561
76433
76782
77086
76674
76547
76850
76676
76971
76996
76187
76502
76653
76980
76507
76465
76923
76274
77016
76329
76721
76926
76761
76308
76157
76431
76538
76777
76841
76752
76724
76500
76807
76568
76521
76379
76595
76564
76430
76595
76751
76244
76906
76133
76180
75933
76872
76485
76513
76163
76944
76746
76550
76717
75904
76572
76607
76516
76410
76517
76851
76381
75957
76739
76190
76689
76436
76465
76339
76890
76747
76869
76886
76575
76778
76371
76823
76360
76432
76876
76805
76377
76562
76509
76804
76638
76652
76447
76313
76841
76820
76154
76684
76173
76446
76813
76313
76291
76351
76707
76645
76091
76413
76341
76541
76606
76131
76716
76720
76701
76777
76797
76894
75875
76351
76439
76333
76257
76124
76392
76266
76343
76874
76389
76378
76777
76671
76215
76391
76977
76729
76473
77379
76326
76807
76634
76500
76426
76713
76610
76772
76663
76446
76488
76639
76462
76289
76490
76891
76203
76547
76683
76875
76338
76386
76762
77028
76385
76100
77310
76353
76306
77230
76533
76243
76270
76757
76408
76451
76437
76702
77036
76369
77251
76963
76955
76588
76998
76237
76194
76799
76218
76997
76030
76700
76013
76810
76396
76779
76535
76544
76624
76412
76330
76920
76278
76338
76845
76217
76152
77040
76783
76467
76588
76659
76726
76952
76216
76720
77054
76790
76299
77068
76569
76547
76618
76264
77285
76307
76668
76418
76769
76687
76547
76454
76625
76788
76251
76744
76578
76448
76335
76629
76098
76159
76508
76150
76669
76986
76883
76743
76665
76642
76643
76351
76399
76468
76813
76451
76327
76404
76505
76487
76690
76130
76652
76758
76536
76494
76816
76514
76280
76572
76601
76462
76473
77104
76229
76817
77052
76355
76413
76166
76228
76153
76098
76229
76661
76881
76953
77239
76393
76507
76685
76135
76503
76264
75971
76887
76670
76430
76711
76813
76915
76336
77055
76611
76456
76396
76351
76534
77060
76471
76822
76888
76539
75946
76562
76899
76443
76798
76579
76265
76890
76670
76632
76340
76593
76996
76044
76707
76536
76484
76390
76847
76441
76396
77132
75987
76717
76099
76359
76655
76748
76351
76850
76794
76642
76530
76563
76718
76664
76001
76519
76530
76211
76453
76288
76310
76739
76352
76453
76817
76732
76695
76457
76453
76451
76754
76504
76738
76390
76313
76578
76706
76679
76251
76351
76559
76092
76639
76512
76337
76078
76364
76320
76823
76593
76351
76251
77225
76187
76683
76299
76674
77247
76710
76749
76886
76416
76510
76160
76359
76603
77146
76506
76846
75991
76912
76442
76438
76954
76533
76629
76784
76146
76709
76438
76168
76092
76441
76552
76227
76430
76368
76986
76695
76904
76695
76385
76449
76684
76456
76840
76638
76529
76583
76483
76381
76380
76371
76699
76789
76412
76403
76515
76292
76395
76485
76527
76285
76644
76706
76150
76832
77058
76664
76293
77318
76122
76546
76505
76269
76454
76484
76782
76520
76797
76594
76698
76687
76626
76634
76294
76626
76714
76822
76392
76280
76520
76942
76547
76417
76538
76454
76595
76794
76413
77077
76451
76590
76415
76437
76721
77091
76676
76645
76145
76670
76889
76124
76282
76344
76667
76873
76407
76143
77055
76174
76448
76126
77080
76715
76314
76627
76715
76905
76680
76508
76871
76397
76297
76258
76966
76390
76826
76311
76435
76225
76548
76417
76513
76801
76434
76653
76603
76261
76318
76601
77000
76067
76869
76835
76358
76549
76114
76627
76714
76897
76252
76851
76848
76792
76570
75922
76664
76524
76473
76799
76417
76356
76621
76035
76743
76563
76210
76292
76662
76398
76561
76740
76543
76136
76359
76666
76199
77142
76841
76245
76620
77080
76557
76237
76201
76198
76873
77701
76611
76826
76624
76780
76705
76290
76440
77031
76484
76369
76850
76461
76798
77010
76559
77024
76892
75966
76970
76575
76779
76453
76322
76363
76580
77098
76167
76260
76794
76633
76688
76587
75964
76988
76451
77040
76238
76568
76156
76779
76325
76827
76690
76368
77068
77215
76814
76603
76119
76592
76545
76579
76770
76388
76654
76540
76716
76971
76103
77017
76481
76432
76175
76188
76193
76570
76634
76872
76680
76482
76868
76454
76362
76437
76358
76283
76560
77112
76977
76103
76592
76491
76523
76622
76070
76326
76079
76514
76583
76682
75867
76661
76694
76647
76495
76147
76606
76412
76815
76427
76920
76389
75976
76658
76673
76576
76560
76648
76644
76394
75965
76708
76477
76215
76323
76410
75949
76502
76820
76671
76832
76504
76838
76464
76644
76545
76213
76827
76400
76344
76887
76582
76336
75990
76721
76597
76308
76884
76559
76458
76739
76597
76415
76656
76583
76687
76626
76408
76476
76045
76925
76359
76343
76584
76348
76533
77102
76465
76147
76301
76540
76576
76526
76660
76721
76363
76329
76410
76163
76305
76591
76062
76772
76608
77067
76373
76556
76154
75946
76775
76497
76238
76368
76723
76156
76098
75876
76615
77080
76835
76655
76304
77077
76785
76605
76406
76552
76676
76071
76703
76521
76242
76237
76329
76800
76655
76509
76289
75919
76604
76739
76598
76896
76278
76495
76152
76604
76315
76557
76902
76929
76246
76559
76495
76429
76589
76671
76349
76193
76455
76728
76718
76579
76880
76936
76852
76099
76481
76852
76354
76071
76744
76727
76315
76651
76451
75969
76495
76568
76238
76824
76530
76846
76562
76576
76522
76258
76106
76199
77139
76582
76867
76749
76432
76828
76261
76115
76806
76440
76479
76645
77014
76232
76560
76958
76964
76273
76666
76303
76339
76497
76504
76681
76817
76307
76516
76750
76619
76374
76424
76776
76314
76519
76196
76650
76658
76689
76645
76956
76444
76728
76503
76565
76547
76888
76397
76615
76658
76245
76486
77082
76622
76830
76349
76534
76258
76744
76637
76261
76582
76498
76312
76278
76344
76710
76915
76887
76114
76906
76459
76340
76366
76585
76266
77056
76397
76275
76336
76674
76538
75999
76604
77069
76829
76553
76730
76571
76454
76918
76491
75980
76600
77256
76526
76613
76831
76445
76283
76437
77116
76617
76176
76438
76987
76396
76338
76539
76587
76823
76173
76441
76617
76993
77179
76467
76545
76649
76486
76846
76814
76196
76408
76688
76717
76730
76439
76332
76487
76562
76705
76511
76296
76008
76768
76259
76791
76723
76287
76818
76600
76160
76218
76391
76237
76125
77022
76264
76543
76761
76911
76103
76696
76427
76354
76507
76256
76564
76065
76751
76019
76283
76355
76476
76364
77029
76763
76417
76642
76633
76983
76487
76411
76426
76979
76412
76643
76335
76739
76312
76093
76766
76489
76956
76205
76257
76515
76453
76870
76653
76343
77137
76862
77120
76355
76703
76890
76679
76709
76826
76593
76457
76215
76693
76695
76429
76173
76218
76299
76468
76688
76856
76722
76343
76791
76862
76817
76573
76469
76361
76621
76242
76453
76231
76807
76263
76763
76487
77318
76499
76502
76088
76807
77054
76451
76347
76318
76923
76673
75873
76484
77275
76200
76349
76547
76587
76997
76362
76715
76244
76122
76475
76343
76294
77096
76621
76588
76989
76243
76194
76872
77071
76573
76278
76613
76550
76399
76639
76574
76376
76619
76355
76492
76431
76772
76218
76379
76389
76901
76392
76982
76299
76679
76904
76808
76937
76195
76280
76036
76228
76601
76169
76683
76559
76136
76429
76973
76625
76324
76367
76938
76729
76407
76444
76372
76585
76540
76354
76606
76661
76339
76021
76687
76253
76750
76348
76422
76565
76866
76524
76536
76405
76351
76812
76598
77096
76083
76895
76187
76533
76782
76789
76824
76816
76947
76214
76552
76814
76884
76357
76475
76600
76451
76937
77056
76680
76392
76261
76243
76150
76738
76777
76442
76382
76420
76427
76451
76683
76375
76539
76348
76283
76264
76647
76085
76907
76584
76164
77161
76598
76383
76759
76483
76837
76300
76402
76834
76695
76800
76573
76765
76371
76566
76586
76445
76598
76324
76092
76979
76867
76453
76004
76520
76853
76142
76284
76987
76835
76874
76576
76375
76642
76354
77057
76275
76380
76039
77007
76531
76565
76130
76421
76631
76556
76544
76677
76039
76524
76349
76540
76987
76567
76617
76777
76788
76715
76710
76548
76542
76167
77000
76230
76468
76274
77079
76218
76859
76710
76468
76990
76596
76702
76498
75987
76554
76021
76632
76267
76506
76647
76654
76250
76672
76407
76419
76078
76180
76275
76961
76926
76515
76479
76286
76458
76976
76328
76316
76467
76487
76781
76644
76415
75876
76754
76289
76512
76658
76762
76329
76338
76623
76633
76556
76474
76095
76362
76364
76580
76835
76288
76580
76723
76432
76530
76681
76450
76554
76683
76328
76452
76618
76040
76946
76875
76641
76340
76847
76646
76426
76339
76103
76692
76499
76427
76205
76304
76828
76039
76826
76452
76175
76344
76848
76414
76893
76526
76538
76389
76264
76430
76850
76436
76543
76191
76618
76367
76380
76241
76169
76782
76580
76806
76581
77013
75959
76320
76472
76407
75950
77091
76723
76529
76692
76120
76444
76444
76751
76221
76771
76728
76172
75872
76723
76880
76425
76517
77045
76893
76775
76471
77208
76250
76402
76580
76543
76990
76317
76730
76457
76967
76005
76496
76435
76651
76546
76400
76360
76465
77173
76847
76541
76640
76682
76530
76766
76530
76520
76287
76494
76508
76674
76831
76720
76466
76621
76727
76441
76529
76376
77051
76729
76888
76491
77015
75881
76775
76848
76299
76574
76163
76567
76977
76623
76295
76719
76991
76696
76959
76532
76200
76572
76550
76975
76297
76244
76876
76727
76178
76518
76002
76296
76422
76385
76900
76162
76555
76531
76642
76501
76762
76206
76967
76135
76560
76921
77293
76291
76743
76993
76485
76465
75945
76573
76960
76993
76368
76773
76771
76437
76818
76700
76490
76862
76470
76450
76743
76538
76277
76136
76671
76188
77173
76620
76503
76878
76504
76501
75975
76363
76301
76781
76398
76244
76726
76714
76503
76644
76632
76988
76691
76414
76836
76431
76317
76406
76456
76449
77022
76467
76886
76696
76495
76445
76447
76841
76506
76604
76510
76532
76638
76692
75906
76148
76307
76722
76218
76617
76772
76996
76350
76530
76861
76401
76677
76258
76406
76481
76568
76475
76362
76209
76883
76542
76089
76541
76509
76284
76628
76582
76565
76623
76532
76714
76754
76206
76378
76474
76707
76466
76509
76405
76994
76895
76531
76990
76203
76844
76292
76270
76277
76846
76409
76797
76555
76278
76622
76401
76416
76449
76300
76538
76686
76716
77079
76569
76158
76489
76292
76085
76335
76133
76268
76552
76667
76020
76119
76649
77077
76557
76497
76730
76715
76612
76777
76303
76889
76720
76369
76343
76388
76673
76912
76487
76712
76714
76242
75954
76732
76847
76991
76739
76443
76586
76528
76736
76760
76466
76593
77035
76368
76513
76615
76227
76183
76972
76614
76522
76052
76326
76337
76305
76723
76364
76366
76805
76697
76494
76603
76487
76719
75961
76467
76454
76837
76750
76804
76686
77099
76312
76603
76680
75948
76846
76645
76429
76244
76451
76452
76406
77160
76487
76303
76329
76588
76708
76588
76498
77107
77045
76534
76406
76629
76571
76916
76556
76538
76506
76547
76397
75904
76379
76357
76035
76554
76534
76547
76529
76575
76387
76301
76630
76575
76398
76685
76427
76492
76680
76273
76127
76677
76999
76553
76660
76516
76888
76894
76392
76470
76945
76817
76238
76429
76267
76614
76741
76353
76337
76741
76938
76252
76764
76531
76213
76442
76804
76816
76128
76468
77219
76587
76860
76275
76760
76079
76290
76724
76781
77007
76617
76543
76596
76398
76537
76361
76325
76980
76404
76782
76522
76358
76366
76241
76532
77129
76614
76906
76680
76434
76647
76496
77245
76377
76141
76912
76859
76673
76291
76586
76730
76334
76432
76301
76490
75968
76628
76179
76418
76633
76378
76284
76998
76372
76825
76663
76774
76996
76004
76556
76355
76476
76709
76475
76629
75758
76899
76270
76675
76487
77126
76811
76477
76531
76943
76782
76208
76374
76814
76762
76457
76442
76515
76414
76762
77470
76511
76387
76051
76543
76928
76656
76543
76849
76917
76677
76713
76557
76500
76590
76495
76133
76801
76388
76499
77033
76345
76877
76286
76291
76581
76353
76843
76582
76422
77098
76751
76512
76406
76235
76535
76522
76178
76702
76200
76498
76593
76688
76301
76372
76884
75829
76737
76802
76449
76949
76381
76915
76980
76599
76829
76470
76347
76163
76452
76424
76571
76578
76965
76699
76176
76391
76821
77112
77054
76519
76697
76473
76583
76968
76219
76445
76261
76273
76534
76157
76444
76354
76354
76324
76240
76474
75891
76568
76888
76802
76892
76773
76979
76290
76577
76391
76174
76379
76591
76214
76624
76250
76970
76515
76511
76047
76371
76609
76899
76807
76309
76225
76220
76086
76218
76429
76925
76309
75978
76560
76502
76252
76274
76408
76677
76654
76383
76371
76264
76299
76355
76609
76354
76630
76377
76727
76112
76260
77068
76327
75812
76488
76372
76001
76014
76379
76739
76467
76188
77006
76667
76092
76503
76455
77034
76657
76244
76652
77049
76505
76752
76341
76598
77179
76375
76548
76639
76536
76782
76458
76617
76229
76436
76259
76692
76203
76361
76117
76413
76728
76849
76998
76490
77002
76648
76218
76496
76710
76822
76843
76182
76644
76197
76345
76781
77169
76645
77101
76655
76859
76671
76708
76069
76714
76412
76652
76254
76264
76319
77192
76466
76443
76507
76752
76715
76620
76453
76626
76184
76761
76289
76401
76259
76854
77014
76830
76621
75990
76669
76547
76784
77073
76825
76262
76657
76736
76343
76079
76634
76641
76271
76375
76139
76456
76938
76134
76424
76005
76602
76139
76392
76076
76691
76353
76900
76550
76295
76645
76582
76163
76235
76688
76543
76591
76653
76337
76258
76711
76501
76850
76441
76725
76640
76628
76821
76666
76491
76104
76286
76180
76701
76400
76371
77100
76401
76535
77148
76276
76709
76620
76527
76545
76749
76739
77002
76391
76402
76497
76748
76878
77217
76457
76651
76275
76688
76548
76727
76693
76124
77006
77364
76075
77084
76590
76025
76306
76301
76663
76744
76949
76671
76514
76452
76773
76255
76892
75884
76885
76092
76706
76640
76485
76510
76617
76541
76139
76586
76267
76508
76578
76811
76524
76112
76804
76844
77117
76384
76450
76511
76346
76933
76573
76718
76704
76656
76509
76107
76656
76520
76345
75963
76430
76419
76291
76533
76494
76745
76312
77080
76965
76717
75927
76793
76711
77007
76827
76612
76538
76316
76075
76443
76643
76697
76729
76313
76200
76658
76873
76690
76893
76084
76683
76222
76960
76646
76625
76530
76830
76721
76659
76933
76858
76314
76903
76934
76497
76434
76521
76310
76887
76762
76286
76374
76632
76738
76664
76617
77157
76227
76791
76554
76904
76337
76782
76747
76330
76161
76564
76189
75880
76656
76929
77040
75814
76682
76901
76984
76639
76414
76293
76731
76693
76243
76412
76380
76602
77127
76217
76362
76458
76696
76686
76604
76415
76806
76931
76350
76720
76466
77038
76296
76771
76827
76576
76436
76352
76031
76621
76650
77045
76342
76507
76405
76753
76492
76397
76948
76567
76655
76511
76619
76678
76588
76513
76409
76416
76843
76682
76373
76485
76987
77107
76393
76846
76886
76810
76589
76321
77081
76836
76484
77252
76740
77198
76673
77330
76194
76787
76137
76543
76355
76022
76577
76486
76736
76568
76209
76480
76481
76301
76357
76450
76588
76134
76622
76374
75978
77031
76426
76394
75941
76778
76942
76600
76543
76473
76435
76268
76457
76327
76840
76905
76776
76429
76868
76713
76290
76884
76281
76112
76883
76730
76371
76643
76636
76772
76275
76521
76170
75935
76159
76956
76233
76759
76530
76543
76019
76580
76547
76412
76355
76498
76133
76550
76178
76465
76599
76286
76192
76512
76486
76293
76689
76395
76734
76385
76546
76532
76760
76136
76116
76241
76547
75950
76846
76145
76807
76629
77117
76591
76758
76331
76895
76526
76263
76674
76743
76436
76449
77068
76975
76647
77112
76355
76834
76814
76265
76847
76263
76558
76664
76279
76409
76241
76497
76546
76502
76768
76115
76759
75857
76267
76617
76355
76419
76858
76400
76965
76342
76241
76779
76450
76303
76303
76443
76577
76549
76588
76016
76827
76687
76988
76846
76932
76801
76447
76598
76377
76274
76598
76821
76002
76704
76032
76741
76906
76066
76650
76563
76176
76651
76070
76693
76764
76250
76391
76497
76521
76490
76572
76554
76504
76553
76615
76522
76878
76097
76633
76489
76593
76210
76542
76625
76666
76124
76163
76669
76006
76531
76672
76541
76677
76734
76629
76564
76762
76584
76546
76763
76754
76548
76336
77226
76642
76620
76444
76738
76666
76622
76806
76620
76632
76884
76435
76542
76372
76055
76686
76474
76672
76697
76803
75990
76627
76459
76545
76110
76749
75896
76475
77102
76568
76737
77063
76375
76840
76305
76466
76743
76466
75979
76570
76765
76339
76601
76462
76517
76674
76473
76458
76737
76038
76047
76004
76091
76507
76965
77000
76882
76419
76245
76052
76626
76655
76277
76139
77113
76231
76372
76655
76074
76727
76735
76475
76448
76457
77218
77422
76824
76833
76200
77106
76957
76525
76486
76473
76660
76380
76269
76505
77168
76579
76877
76542
76030
76859
76211
76194
76335
76608
76735
76366
76595
76707
76562
76275
76443
76459
76235
76648
76138
76882
76531
76675
76404
76479
76370
76536
76304
76194
76107
76869
76281
77208
76189
76606
76415
75787
76650
76692
76560
76600
76119
76007
76963
76222
76374
76638
76398
76564
76301
76240
76887
76491
76880
76467
76609
76534
76543
76464
75995
76434
76306
76461
76301
76421
76350
76395
76404
76351
76750
76971
76376
76782
76573
76505
76097
76761
76680
76551
76295
76145
76995
77070
76610
76097
76530
76864
76651
77026
76640
77022
76388
76997
76515
76151
76566
76433
76951
77036
76318
76902
76506
76528
76625
76792
75885
76762
76597
76785
76540
76847
76379
76717
76511
76182
76896
76607
76686
76065
76472
76554
76294
76996
76455
76312
76725
76470
76595
76657
76722
76665
76390
76625
76784
76364
76496
76098
76382
76361
76040
76431
76801
76000
76040
76700
76554
76571
76711
76209
76489
76674
76225
76636
76640
76523
76395
76779
76910
76236
76452
76869
76413
76631
76664
76686
76497
76463
76360
76232
76407
76531
76712
76340
76937
76223
76391
76136
76386
76534
76690
76371
76226
76131
76635
76643
76642
76968
76740
76422
76817
76718
76523
76820
76623
76554
76666
76521
77045
75843
76563
76727
76046
76911
76484
76621
76308
76868
76527
76419
77223
76547
76459
76562
76418
76536
76833
76763
76747
76631
76724
76831
76807
76652
76620
76996
77003
76503
76195
77499
76563
77102
76750
77053
76509
77085
76888
76357
76357
76691
76120
76884
76268
76495
76763
76642
76374
76604
76737
76733
76402
76897
76718
76544
76752
76577
76410
76581
76554
76649
76393
76591
76523
76391
76914
76317
76215
76031
76765
76988
76592
76505
76325
76841
76746
77086
76628
76315
76151
76873
75989
76779
76352
76725
77009
76411
76602
76223
76337
77286
76828
76913
75870
76408
76520
76379
76592
76762
76634
76022
76871
76754
76590
76665
76625
76346
76708
75974
76176
76784
76467
76691
76713
76416
76581
76286
76284
76366
76434
76261
75703
76572
76842
76570
76576
76888
76615
76587
76158
76452
76664
76794
76571
76298
76482
76344
76740
76559
76775
77141
76504
76779
76785
76585
76164
75972
76912
76172
76428
76586
76734
76605
76103
76788
76348
76417
76540
76988
76510
76259
76473
76096
76147
76917
76408
76820
76389
77217
76457
76442
76004
76372
76774
76855
76409
76508
76144
76837
76426
76527
76358
76332
76505
76320
76492
76231
76495
76707
76390
76654
76563
76827
76709
76282
76475
76243
76177
76927
76241
76544
77104
76276
76426
76633
76544
76856
76507
76194
76367
76635
76668
76174
76197
76627
76611
76639
76350
76421
76385
76564
76647
76778
76337
76592
76587
76279
76407
76580
76954
76399
76810
76460
76848
76780
76557
76364
76764
76351
77158
76364
76586
76787
76245
76527
76157
76297
76292
75962
76412
76714
76617
76503
76269
76691
76468
76607
76454
76652
76920
76822
76209
76667
76410
76872
76772
76746
76711
76838
76533
76088
76324
76625
76424
76754
76742
76329
76936
76358
76796
76704
76745
76504
76513
76286
76152
76116
76241
76627
77051
77121
76689
77109
76804
76682
76559
76901
76667
76386
76688
76271
76869
76472
76239
76845
76624
76748
76658
76566
76522
76643
76266
76628
76745
76891
76798
76390
75977
76186
76031
76509
76473
77279
76444
76535
76666
76393
76295
76248
76451
76926
76931
76506
76769
77165
76574
76865
76714
76953
76820
76499
76647
76783
76515
76287
76095
76774
76610
76885
76667
76718
76201
76880
76119
76182
76782
76542
76540
76972
76338
76544
76734
76451
76719
76935
76500
76536
76640
76708
76940
76407
76652
76744
76436
76400
76632
76131
75999
76711
76370
76219
76350
76379
76642
75809
76669
76337
77031
76087
76490
76836
76628
76577
76270
76784
76340
76554
76698
76349
76915
76612
76427
76182
76587
76508
76544
76484
76634
76716
76619
76306
76793
76736
77068
76110
76242
75948
76861
76675
76324
76524
76833
77138
76161
76016
76949
76551
76452
76629
76391
76215
76267
76174
76552
76425
76054
76382
76733
76965
77233
76693
76637
76413
76656
76681
76361
76636
76626
76552
77115
77021
76524
76247
76849
76493
77153
76308
76742
76451
76405
76429
76291
77165
76554
76031
76645
76713
76424
76057
76655
76202
76847
76639
76203
76142
76626
76570
76483
76492
76159
76779
76235
76625
77069
76310
76457
76274
77070
76222
76573
76197
76857
76682
76204
76207
76425
76952
76346
76168
76497
76797
76443
76721
76946
76642
76417
76640
76383
76405
77027
76755
76983
77027
76825
76450
76613
76731
76382
76500
77151
76408
76185
76631
76544
75780
76850
76310
76683
76264
76704
76612
76361
76382
76619
77096
76622
76097
76664
76298
76145
76532
76728
76879
76776
76180
76414
76419
76516
76782
76385
76197
76139
76544
76509
76593
76953
76373
76926
76883
76766
76108
76307
76198
76711
76769
76690
76518
76674
76681
76683
76614
76515
77037
76743
76507
76488
76347
76269
76289
77034
76300
76431
76332
76933
76384
76457
76263
76822
76497
76417
76581
76698
76359
76145
76157
76599
76630
76309
76274
76264
76621
76385
76919
76258
76765
76412
76468
77018
76812
76641
77138
76471
76214
75953
76596
76728
76850
76451
76689
76632
75806
76751
76439
76269
76373
76360
76643
76370
76510
76544
76373
76802
76655
76537
76953
77104
76633
77319
77174
76534
76485
76258
76808
76378
76306
76467
76124
76574
76336
76629
76170
76239
76740
76707
76653
76662
76265
76368
76364
76572
76197
76438
76290
76540
75965
76029
76647
76634
76283
76337
76315
76481
76428
76531
76582
76611
76918
76130
76371
76681
76522
76997
76332
76486
76446
76879
76636
76687
76426
76006
77137
76348
76375
77271
76364
75927
76874
76454
76360
76462
76988
77073
77291
76442
76778
76228
76383
76008
76622
76914
76654
76447
77073
76907
76861
76467
76489
76962
76483
76720
76391
76615
76495
76176
77085
76897
77224
76237
76766
76584
76485
76639
76265
76463
76458
76390
76685
76381
76420
76768
76259
76060
76634
76899
76122
76590
76250
76653
77024
76624
76856
76147
76662
76321
76355
76363
76628
76815
76029
76784
76674
76641
76845
76498
76022
76131
76282
76608
76640
76754
76912
76293
76933
76422
76383
76847
76640
76324
76780
76134
76325
76350
76828
76692
76617
76328
76255
76299
76449
76909
77140
76095
75849
76992
76514
76260
76953
76880
76500
76450
76549
76587
76014
76752
76491
76191
76173
76626
77095
76873
76735
76568
76577
76250
76406
76720
76319
77002
76784
76814
76000
76058
76366
76702
76463
76828
76266
76539
76596
76686
76363
76292
76622
76078
76611
76194
76846
76080
76169
76768
76218
76763
76457
75952
76306
76617
76774
76601
76072
75994
76317
76438
76502
76171
76966
76607
76703
76546
75939
76441
76029
76056
75890
76522
76436
76865
76495
76473
76945
76380
76225
76644
76383
76586
76632
76183
76489
76591
76395
76378
76463
76706
76313
76609
77138
76824
76453
76499
76610
76625
76572
76358
76411
76698
76151
76556
76252
76610
76958
76917
76697
76514
76479
76584
76810
76478
76330
76386
76438
76922
76558
76395
76811
76378
76533
76364
76218
76912
76615
76906
76559
76300
76448
76393
76796
76670
76310
77056
76566
76685
76837
76069
76525
76521
76719
76089
76155
76624
75978
76349
76852
76456
76452
76653
76926
76127
76257
77389
76895
76591
76119
76992
76843
76875
77251
76794
76326
76845
76076
76463
76908
76042
76585
76548
76149
76524
76640
76670
76416
76683
76653
76133
76850
76547
76312
76559
76448
76789
76299
76210
76869
76441
76527
76357
76264
76921
76493
77391
75982
76567
76114
76546
76612
76104
76878
76290
77046
76351
76514
76671
76630
76249
76468
76741
76522
76685
76648
76105
75864
76586
76796
76231
76905
76965
76423
76703
76401
76306
76317
76716
76527
76141
76816
76956
76243
76319
76198
76368
76749
76673
76580
76929
76354
76251
76897
76775
76691
76608
77045
76218
75933
76598
76737
77146
76530
76735
76991
76184
75853
76552
76652
76505
76577
76428
76766
76550
76725
76635
76401
75999
76223
76451
76793
76511
77143
76991
76527
77263
76533
76790
76641
76320
76490
76515
76642
76282
76584
76937
76785
76704
76791
76881
76536
76744
76008
76677
76319
76778
76445
76281
77145
76848
76640
76639
76431
76325
75753
76931
76943
76549
76854
76714
76766
76549
76685
76404
76981
76190
76580
76911
76232
76242
75927
76872
76524
76610
76308
76804
76522
77144
76365
76212
76371
77142
76569
76686
76683
76326
76057
76712
77057
76309
76857
76329
76521
76362
76271
76916
77262
76686
76263
77067
76537
76235
76181
76525
76370
76839
76822
76790
76324
76665
76463
76339
76369
76442
77060
76626
76250
76654
76115
76243
76469
76817
76463
76977
76234
76126
76840
76879
76147
76596
77115
76636
76217
76756
76439
76718
76317
76445
76702
76875
76402
76445
76307
76604
76581
76875
77218
76891
76695
76187
76469
76383
77099
76653
76513
76409
76808
76725
75989
76486
76203
76415
76829
76653
76503
76094
76826
76339
76671
76841
76093
75993
76995
76860
76951
76447
76490
76062
76255
76702
76297
76743
76377
76737
76440
77097
76418
76104
76943
77034
76752
76948
76359
76278
77062
76695
76674
76235
76081
76558
76360
76914
76524
76646
76449
76412
76453
76337
76635
76487
76452
76296
77149
76382
76225
76107
76692
77175
76520
76338
76379
76820
76126
76764
76220
76279
76327
77078
76711
76420
76643
76441
76844
76401
76487
76253
76228
76885
75993
76746
76613
76509
76890
76196
76138
76765
76232
76652
76302
76636
76885
76651
76522
76361
76956
75959
76801
76323
76168
76647
76889
76605
76303
76568
76329
76158
76832
76330
76860
76357
76409
76130
76717
76384
76343
76689
76915
75992
76704
76949
76617
76258
76305
76727
76170
76909
76707
76260
76437
76384
76634
76567
76268
76537
76734
76901
76681
76563
76334
77104
76434
76473
76202
76333
77002
76071
76930
76258
76198
76729
76070
76505
76309
76938
76446
76390
76549
76891
76282
76457
76378
76816
77022
76552
76322
76474
77010
76119
76938
76512
76287
76509
76633
76453
76601
76298
76624
76420
76630
75974
76388
76738
76730
76495
76959
76351
76354
76472
76606
76413
76459
76673
76514
76585
77032
76354
76672
76956
76436
76383
76737
76345
76251
76885
76223
76406
76354
76581
76496
76724
76298
76600
76681
76808
76230
76602
77024
76886
76663
76738
76512
76709
77077
76376
76373
76616
76438
76562
76277
76775
76868
76814
76503
76621
76461
76435
76166
76613
76218
76353
76579
76218
76573
76479
76903
76109
76682
76138
76044
76765
76405
76552
76536
76210
76362
76566
76525
76575
76449
76980
76758
76445
77141
76693
76455
76128
76744
76431
76429
76026
76299
76627
76626
76232
76531
76228
76481
76327
76805
76158
76433
76223
77031
76482
76468
76390
76937
76650
76655
76219
76426
76120
76081
76708
76053
76901
76299
76698
76544
76935
77003
76869
76954
76092
76434
76504
76653
77085
76216
76698
76386
77216
76381
76649
76766
76644
77081
76343
76556
76164
76521
76600
76215
76687
76620
76576
76539
76294
76556
76556
76213
76228
76759
76445
76401
76668
76536
76151
76818
76952
76558
76855
76520
76715
76830
76570
76403
76317
76101
76288
77050
76131
76852
76688
76706
76694
76500
76659
76414
76258
76396
76381
77292
75971
76708
76671
76784
76460
76217
76397
76449
77005
76730
76852
76800
76515
76465
76862
76618
76676
76609
76259
76272
76599
76211
76796
76758
76534
76531
76573
76104
76235
76290
76301
76956
76649
77027
76853
76226
76554
76595
76752
76795
76903
77054
76081
77007
75780
76289
76566
76884
76508
76377
76592
76350
76544
76641
77141
77085
76447
76982
76561
76736
76533
76529
76769
76372
77130
76557
76310
76496
76438
76433
76119
75906
76213
76146
76456
76633
76333
76646
76590
76574
76927
76225
76344
76693
76599
76721
76240
76430
76421
76233
76394
76533
76251
76617
76978
76838
76969
75743
76664
76417
76373
76323
76675
76548
76716
76607
76281
76737
76245
76637
76477
76428
76500
76626
76210
76655
76423
76227
76534
76844
76405
76151
76385
76363
76581
76707
76101
76157
76568
76552
76409
76377
77091
76639
76818
76889
76161
76094
77009
76902
76487
76745
76456
76312
76721
76722
76095
76268
76169
76517
76780
76363
76887
76400
76883
76863
76647
76643
77119
77000
76406
76440
76472
76268
76657
76278
76189
76092
76469
76401
76547
76382
76508
76474
76885
76264
76444
76699
76515
76269
76518
76441
76619
76158
76259
76161
76784
76307
76233
76510
76737
76477
76388
76696
76357
76454
76585
76539
76193
76516
76253
76223
76714
76383
76563
75971
76167
76244
76263
76431
76846
76188
75981
76790
76252
76425
76728
76985
76482
76187
76569
76392
76337
76550
76551
76587
76393
76918
76795
76532
76451
76143
77038
76268
76240
76225
76180
76257
76365
76478
76979
76707
76158
76631
76572
76308
76713
76596
76439
75975
76793
76545
76836
76565
76695
76659
76133
76670
76684
76578
76572
76882
77110
76339
76628
76508
76342
76963
76324
76695
76627
76432
76317
76471
76315
76536
76850
76431
77213
76208
76967
76428
76255
76280
76403
76848
76321
76609
76531
76559
76449
75997
76503
76264
76786
76553
76318
76368
76356
76971
76895
76782
76943
76736
76609
76264
76359
76296
76680
76179
76245
76573
76661
77379
77061
76617
76342
76173
76794
76225
76188
76457
76460
76544
76486
76222
76280
76181
76550
76206
76677
76648
76463
76779
76511
76564
76627
77016
76593
76505
76637
76937
76495
76917
76552
76692
77018
76410
76057
76814
77489
76001
76629
76443
76725
76604
76458
76539
76596
75947
75904
76748
76842
77107
76880
77193
76684
76190
76015
76866
76836
76600
76563
76218
76234
76105
76561
76829
76593
76621
76594
76482
76655
76239
77204
76465
76435
76339
76404
75967
76698
76600
76299
76411
76515
76892
76701
76285
76698
76896
76361
76552
76382
76390
76350
76726
76719
76482
76626
76226
76827
76916
76223
76589
77156
76335
76893
76784
76855
76630
76553
76606
76873
76218
76586
76358
76244
76607
76495
76029
76444
76415
76743
76375
76375
76391
77215
76956
76883
76327
76622
76760
76571
76369
76642
76124
76889
76278
76325
76808
76301
76511
76490
76672
76553
76719
76426
76663
76216
76619
76514
76089
76960
76742
76551
76645
76172
76507
76691
76526
76742
77040
76357
76726
76231
76531
76383
76240
76713
76555
76589
76528
76714
76402
76354
76255
76812
76884
77153
76853
76804
76609
76821
76750
76587
76617
76602
76486
76859
76754
76466
76478
76445
76856
76727
76827
76720
76840
76186
77084
76926
76360
76208
76288
76682
76928
77095
76344
76070
76549
76342
76774
76405
76612
76494
77009
76762
76557
76250
76535
76736
76404
76931
76519
76777
76412
76707
76755
76727
76911
76367
76747
76346
76394
76809
76384
75983
76708
77089
76748
76606
75924
76589
76699
76797
75920
76286
76554
76669
76454
76185
77192
76557
76788
76641
76594
76617
76741
76535
76200
76956
76391
76356
76427
76424
76859
76950
76258
76601
76222
76396
76721
76125
76674
77016
77157
76638
76294
76222
76724
76079
76398
76600
76483
76744
76294
76859
76651
76357
76385
76285
76611
76544
76826
76495
76836
77048
76690
76593
75954
76598
76990
76487
76648
76197
76090
76579
75895
76801
76532
76205
76597
76509
76480
76594
76424
76162
76640
76116
76636
76455
76337
75793
76574
76177
76584
76677
76330
76198
75909
76373
76807
76641
76913
76382
75814
76504
76897
76722
76159
76726
76500
76558
76103
76574
76445
76459
76471
76792
76845
76150
76566
76493
76526
76729
76147
76447
76099
76557
76705
76218
76151
76758
76394
77002
76522
76228
76522
76413
76712
77073
76549
76520
76473
76669
76435
76670
76244
76507
76668
77006
76270
76560
76731
76113
76663
75949
76798
76262
76725
76485
76845
76282
76901
76829
76259
76581
76977
76836
76374
76403
76445
76450
76103
76727
76707
76458
76270
76409
76558
77057
76583
76449
76547
76330
76708
76855
76217
76749
76775
77095
76454
76771
77040
76163
76742
76447
76662
77283
76510
76964
76507
76058
76811
76817
76674
77159
76378
76806
76797
76616
76110
76826
76480
76827
76526
76350
76130
76868
77180
76787
76444
77104
76599
76413
76787
76540
76712
76187
76721
76728
76470
76054
76070
76720
76637
76675
76190
76823
76154
76607
76767
76261
76660
76322
76745
76525
76606
76441
76764
76406
76736
76838
76591
76554
76378
76844
76672
76835
76758
76521
75892
76589
76523
76368
76346
76504
76423
76349
76359
76688
76744
76046
76820
77163
76404
76254
76979
76296
76929
76598
76550
76467
76272
76395
76550
76107
76709
76743
75989
76720
76386
76681
76836
76130
76418
76783
76230
76273
76635
75788
76936
76536
76690
76460
77065
76202
76641
76316
76570
76290
77010
76530
76379
76392
76539
76678
76857
76392
76899
76261
76517
76747
76364
76646
76303
76262
76753
76327
76579
76198
76346
77234
76394
76690
76915
76122
76565
76449
76489
76266
76120
76331
75734
76459
76812
76861
76542
76315
76304
76884
76556
76818
76854
76638
76705
76565
76726
76539
76532
76336
76420
77387
76583
76662
76229
76593
76951
76857
76303
76864
76368
76882
76948
76464
76698
75971
76335
76337
76908
76341
76187
76990
76628
76344
76412
76166
76552
76116
76764
76211
76293
76851
76270
76512
76465
76077
76529
76921
76231
76324
76655
76224
76542
76704
76601
76263
76359
76868
76673
76298
76689
76104
76766
76498
76807
76392
76738
76524
76321
76679
76877
76768
76481
76705
76447
76685
76309
76375
76595
76492
76743
76853
76601
76523
76469
76639
76557
76359
76469
76539
76318
76660
76469
76158
76592
76427
76501
76565
76829
76813
76726
76411
76554
76922
76795
76628
76863
76783
76684
76401
76424
76758
76507
76842
76679
76325
76550
76480
76895
76513
76375
76764
76097
76242
76740
76987
76383
75946
76610
76416
76645
76401
76533
76746
76772
76249
76473
76624
75926
76120
76769
76687
76835
76650
77140
76771
76500
76441
76768
76417
76356
76571
76170
76373
76520
76314
76078
76598
77036
77298
76929
77009
76810
76414
76027
76414
76994
76444
76338
76248
75847
76821
76346
76334
76210
76206
76143
76749
76664
76403
75946
76593
76213
76287
77003
76568
76705
76932
76878
76749
76590
76422
76108
76509
76623
76882
76586
76095
76929
76477
76307
76699
76392
76261
76706
76987
76758
76422
76580
76527
77174
76768
76923
76618
76664
76972
76643
76487
76485
76237
76728
76788
76757
76447
76557
76409
76236
76646
76843
76376
76435
76547
76217
76541
76412
76839
76984
76573
76257
76337
76190
76532
76436
76572
76857
76848
76480
76600
76437
76760
76362
76594
76744
76661
77104
76537
77171
76245
76037
76539
76714
76589
76519
76019
76334
76708
76712
76559
76794
77266
76646
76772
76488
76867
76421
76728
76532
76645
76646
76407
76472
76449
76686
76594
76061
76058
76475
76472
76401
76869
76533
76555
76290
77079
76714
76505
76720
76923
76501
76022
76575
76030
76169
76541
76365
76152
76862
76564
76432
76853
76381
76511
75657
76805
76928
76549
76629
75844
76613
76562
76747
76595
76476
76502
77123
76782
76805
76386
76614
76085
77130
76630
76895
76889
76711
76052
76268
77050
76424
76220
76320
76200
76616
76267
76160
76538
76674
76406
76873
76755
76517
76447
76488
76427
76386
76350
76645
76748
76501
76812
76470
76534
76620
76636
76702
76139
75889
76411
76811
76870
76056
76244
76222
76266
76711
76575
76684
76692
76805
75971
76726
76715
76902
76485
76597
76648
76633
76992
76435
76877
76101
76310
76529
76848
76502
76569
76260
76596
76417
76266
76221
76405
76637
76524
76995
76393
76495
76277
76148
76263
77240
76578
76364
76092
76439
76558
76806
76721
76775
76926
76349
76704
76282
76020
76495
77136
75984
76561
77378
76503
76485
76461
76671
76206
76368
77094
76498
76661
76951
76678
76800
76717
76441
77081
76647
76725
76455
76496
77189
76665
76859
76405
76556
76229
77340
76752
76756
76820
76600
76487
76728
76772
76344
76508
76568
76720
76497
76676
76716
76192
76327
76445
76050
76345
76344
76501
76670
76152
76218
76629
76519
77344
76742
76359
76856
76663
76281
76806
76423
76533
76499
76453
76627
76311
76965
76718
76138
75850
76583
76508
76359
76112
76672
76651
76500
76850
76775
76694
76861
76897
75922
76345
76286
76493
76878
76866
76466
76553
76526
76570
76449
76524
76876
76376
76454
76377
76624
76487
76638
76503
76373
76717
76065
75859
76428
76543
76346
77103
76699
76848
76481
76461
76183
77045
76781
76247
76698
76631
76235
76222
76787
76396
76456
76360
76896
76813
76996
76469
76648
76911
76609
76662
76749
76776
76551
76275
76681
76312
76108
76167
76636
76811
76471
76458
76359
76882
77250
76598
76305
76120
76660
76257
76410
76874
76370
76424
76626
76529
76770
76787
76818
76561
76469
76669
76544
76211
76321
76680
76643
76479
76318
76548
75902
76778
76303
76698
