5227
5042
5245
5197
5055
5365
5198
5116
5073
5156
5165
5193
5189
5118
5012
5096
5071
5100
5185
5230
5141
5153
5086
4856
5221
5017
5230
5001
5099
5161
5075
4956
5144
5105
5049
5220
5163
5106
5269
5144
5216
5089
5281
4945
5181
5125
5233
5237
5009
5010
5091
5176
5111
5291
5155
5151
5172
5227
5090
5314
5061
5156
5230
5123
5040
5099
5008
5247
5240
5082
5109
4994
5066
4996
5015
5179
5269
5195
5228
5251
5416
5132
5120
5095
4981
5119
4980
5180
5003
5066
5074
5149
5145
5167
5219
5098
5333
5096
5122
5122
5176
5238
5001
5120
5161
5135
5198
5189
5079
5033
5063
5155
5074
5124
5156
5120
5154
5244
5178
5239
5169
5047
5143
5250
5002
4999
4949
5103
5039
5079
5167
5161
5229
5034
5324
5310
5212
5181
5021
5095
5181
5090
5060
5195
5151
5139
5132
5192
5240
5106
5172
4984
5069
5175
5111
5046
5127
5023
5194
5300
5143
5163
5264
5281
5248
5177
5117
5179
5200
5080
5097
5014
5149
5283
5204
5101
5003
5100
5047
5183
5156
5334
5104
5095
5188
5158
5202
5039
5109
4974
5028
5231
5161
5501
5076
5029
5202
5080
5140
5163
5065
5006
5124
5126
4988
5235
5178
5213
5227
5153
5073
5268
5307
5296
4977
5114
5059
5048
5187
5144
5063
5031
5116
5272
5119
5174
5164
5064
5244
5091
5187
5224
5248
5141
5127
5151
5064
5135
5216
5085
4943
5078
4936
5236
5086
5232
5134
5075
5176
5260
5160
5167
5138
4997
5062
5046
5137
4890
5082
5205
5209
5094
5126
5112
4966
5114
5172
5003
5096
4954
5092
5119
5174
5096
4946
5022
4993
5181
5023
5160
5156
5135
5119
5052
5056
5127
5282
5138
5054
5123
5099
5086
5189
5143
4932
5188
5242
5055
5166
5112
4996
5036
5063
5155
5045
5107
4973
5230
4909
4960
5108
4985
5098
5099
5263
4943
5002
5092
5008
5187
5109
5236
5014
5025
5177
5131
5167
5120
5187
5207
5282
5115
5134
5081
5250
5026
5121
4966
5132
5183
5133
5096
5093
5181
4937
5139
5230
5040
5127
4995
5022
5039
5026
5276
5238
5061
5222
5135
5157
5159
5063
5045
5200
5062
5198
5337
5013
5231
5147
5155
5068
5073
5219
5264
5064
5137
5133
5230
5117
5121
5190
5085
5021
4992
5048
5038
5116
5307
5236
4918
5184
5049
5166
4993
5001
5112
5132
5119
5143
5182
5080
5123
5195
5052
5055
5002
5039
5201
5058
5133
5020
5023
5120
5123
5117
5011
5333
5034
5181
5219
5034
5139
4895
5185
4998
5174
5183
5086
5107
5047
5089
5012
5074
5055
5272
5091
5038
5164
5262
5175
5132
5112
5285
4976
5171
5101
5303
5126
5147
5116
5063
5158
5059
5000
5122
5232
5165
5197
5199
4993
5174
5083
5160
5204
5012
5257
5351
5151
5177
5085
5183
5105
5151
5081
4991
5084
5160
5084
5057
5099
5175
4963
5156
5111
5057
5176
5097
5328
5117
5050
5170
5165
5123
5117
5091
5095
5176
5158
5070
5231
5061
5109
4903
5181
5086
5149
5096
5000
5221
5198
4935
5176
5083
5327
5166
5186
5004
5092
5083
5143
5164
5032
4887
5230
5302
5064
5345
5073
5182
5138
5120
5175
5333
4947
5108
5150
4959
5179
5154
5109
5175
5126
5251
5208
5270
5116
5183
5137
4872
5177
5050
5097
4989
5194
5152
5152
5165
4914
5047
5057
5118
5188
5107
5094
5093
5140
5121
5076
5092
5113
5065
5046
5109
5054
5023
5118
5251
4954
5022
5242
5033
5134
5170
5199
5248
4928
5168
5068
5152
4990
5089
5156
4992
5154
5076
4931
4894
5183
5053
5157
5210
5042
4980
4990
5168
5159
5148
4861
5343
5040
5200
5198
5191
5164
5025
5160
5150
5200
5102
5121
5063
5245
5032
5048
5056
5206
5021
4960
4996
5165
5156
5316
5050
5433
5064
5080
5011
5122
5109
5238
5104
5180
5268
4948
5120
5035
5083
5127
5120
5138
5302
5113
5181
5153
5364
5204
5109
5230
5357
5295
5179
5086
5197
4978
5180
4993
5122
5232
5127
5315
4979
5084
5207
5259
5132
5211
4963
5230
5177
5117
4946
5113
5151
5092
4945
5194
5103
5131
5071
5125
5104
5068
5114
5105
5091
5154
5176
5338
5056
5141
5099
5207
5126
4961
5164
5140
5222
5175
5127
5018
4995
5133
5104
5255
5172
5138
4933
5066
5071
5087
4939
5031
5098
5042
5092
5085
5348
5142
5093
5034
5288
5038
5322
5204
5344
5164
5176
5159
5178
5191
5402
5281
5231
5130
5033
5206
5161
5097
5279
5038
5042
5183
5201
5202
5128
5024
5202
5146
4936
5150
4942
4978
5151
5177
5035
5187
5091
5013
5164
5167
5054
5254
5279
5146
5109
4857
5250
5205
5191
5260
5092
5072
5021
5051
5095
5318
5134
5022
5149
5120
5044
5112
5148
5299
5121
5031
5163
4978
5152
5104
5047
5149
5008
5013
5185
5113
5114
5062
5248
5119
5167
5052
5132
5178
5119
5022
4885
5188
5154
4917
5095
5167
4991
5217
5025
5313
5006
5043
5127
5018
5041
5081
5008
5133
5204
4947
5087
5044
5061
5158
4919
5036
4904
5155
5036
5068
5215
4889
4965
5195
5231
5093
5021
5111
5035
5201
5060
5015
5080
5163
5075
5311
5117
5218
5206
5040
5200
5053
5078
5033
5262
5101
5169
5155
5080
4948
5090
4998
5208
5138
5092
4988
5209
5021
5001
5232
5283
4995
4973
5117
5105
4929
5112
5069
5149
5057
5176
5086
4991
5111
5146
5056
5137
5127
5022
5263
5187
5077
5012
4928
5230
4981
5154
5165
5199
5358
5017
5161
5139
5177
5113
5279
4992
5293
5207
5149
5166
5286
5092
5112
5041
5169
5205
5200
5146
5111
5043
5206
5128
5058
5104
5081
5215
4993
5067
5166
5080
5097
5269
5178
5195
5225
5178
4944
5008
5206
5075
4954
5093
5037
5086
5093
5075
5198
5174
5069
5400
5192
5119
5200
5135
5230
4983
5294
5169
5021
5203
5337
5190
5124
5205
5219
5103
5157
5034
5123
5129
5166
5103
5270
5089
5085
5055
5144
5099
5085
5116
5120
5192
5213
5104
5068
5327
5095
5181
5293
5215
5104
5246
5299
5166
5080
5058
5096
4965
5125
5146
5071
5099
5180
5152
5029
5088
5183
5020
5203
4963
5235
5302
5153
5094
5216
5120
5132
5132
5192
5057
5111
5152
4986
5097
5192
5184
5130
4953
5139
5190
5098
5140
5195
5066
5098
5060
5142
5110
5173
5079
5194
5095
5015
4996
5150
4989
5096
5016
5135
5303
5140
5151
5068
5105
5179
5155
5151
5132
4984
5172
5126
5110
5026
5194
5163
5003
4983
5091
4978
5162
5197
5115
5119
5134
5151
5161
5043
4878
5124
4969
5016
5187
5057
5077
5158
4883
5085
5166
4900
5062
5040
5161
5179
5134
5088
5064
5089
5154
5064
5170
5109
5062
5259
5021
5061
5221
5030
5249
5106
5111
5054
5230
5078
5034
5062
5254
5018
5262
5107
5032
5201
5018
5111
5042
5171
5092
5089
4982
5097
5015
5131
4998
5255
5028
5017
5291
4970
5119
5189
5152
5220
5267
5064
5288
4973
5159
5032
5116
5151
5130
5148
5092
5276
5181
5126
5008
4993
5172
5115
5239
5029
5022
5165
5085
5076
5130
5087
5168
5171
5090
5296
5171
4868
5207
5244
5175
5143
5195
5125
5228
5247
5130
4829
5155
5233
5183
5123
5136
5119
5212
5178
5132
5115
5129
5134
5221
5206
4913
5211
5241
5196
5144
5207
5106
5110
5142
5098
5160
5402
5254
5285
5234
5096
5268
5087
5170
5210
5129
5147
5004
5136
5206
5270
5099
5049
5070
5076
4954
5231
5305
5332
5138
5047
5053
5200
5122
5003
5082
4946
5018
5314
5149
4989
5277
4948
5012
5037
5145
5146
5267
5032
4990
5248
5114
5048
5037
5021
5164
5047
5060
5160
5102
5243
5198
5259
5071
5109
5444
5105
5335
5163
5125
4999
5188
5046
5062
4965
5216
4984
5042
5038
5045
4996
5045
5133
5015
5251
5099
5012
5198
5174
5129
5045
5030
5171
5178
4898
5420
5030
5236
5070
5080
5152
5082
4979
5180
5072
5151
5233
5094
5101
5002
5203
5288
5109
5120
5118
5182
5018
5272
5073
5155
5103
4992
5133
5085
5109
5244
5166
5054
5131
5165
5111
5208
5048
4982
5023
4947
5140
5211
5276
5141
5140
4941
5022
5120
5072
5372
5075
5229
5247
5014
5002
5061
4983
5039
5056
4997
5070
5159
5077
5049
5114
5185
5062
5017
5280
5140
5145
4950
5258
5114
5093
5136
5069
5130
5200
5186
5076
5186
5163
5088
5220
5129
5139
5035
5041
5185
5135
5030
5257
5247
5278
5138
5181
5082
5135
5178
4926
5260
5269
5243
5118
5135
5103
5133
5111
5222
5032
5157
5114
5041
5205
5176
5236
5122
5181
4957
5091
5169
5086
4980
5097
5052
5208
5253
5057
5103
5175
5067
5098
5133
5143
5224
5068
5084
5158
4883
5123
5120
5130
5179
5112
5159
5198
5125
5125
5106
5313
4994
5161
5121
5233
5190
5020
5286
5214
5227
5178
5222
5049
4978
4973
5070
5127
5141
5202
5057
5214
5058
5233
5064
4988
5047
5155
5129
5113
5279
5032
5024
5014
5159
5100
5244
4975
5098
5201
5097
5144
5007
5205
5191
5221
5107
5168
5119
5179
5309
5078
5043
5024
5000
5059
5056
5138
5170
5014
5097
5198
5110
4994
5058
5175
5245
5014
4991
5199
5175
5197
5226
5181
5230
5113
4939
5050
5073
5182
5189
5030
5140
5185
5280
4936
4976
5142
5293
5201
5207
5280
5165
5191
5255
4974
5121
5072
5283
5182
5149
5126
5001
5146
5091
5260
5116
4875
5118
5181
5181
5144
5003
5061
5157
4991
5001
5167
5079
5226
5012
5011
5036
5039
5264
4962
5218
5195
5252
5206
5196
5243
5102
5163
5047
5053
5090
5095
5162
5026
5086
5213
5032
5203
5188
5151
5082
5027
5167
5217
5183
5160
5086
5015
5055
5134
5162
4991
5121
5014
5103
5186
5165
5118
5108
5070
5079
5016
5174
4964
4946
5275
5212
5197
5077
5156
5168
5156
5171
5285
5100
5168
5068
5050
5089
5085
5051
5139
5042
5165
5062
5233
5105
4921
4971
5070
5143
5267
5108
4924
5056
5223
5249
5193
5150
5094
5092
5120
5079
5095
5136
5070
5181
5080
5069
4888
5179
5250
5262
5163
5005
5118
5298
5021
5226
4944
4995
5229
5268
5264
5076
5310
5059
4946
5106
4993
5148
5009
5072
5155
5075
5187
5046
5151
5064
5078
5070
5003
5064
5149
5073
5169
5197
5114
5333
5082
5224
5038
4915
5283
4948
5179
5026
5219
5156
5259
5178
5322
5066
5165
5237
5292
5047
5251
5026
5306
5229
5056
5092
5064
5007
5172
5242
5019
5204
5068
5122
5149
5038
5202
5116
5203
5222
5140
5245
5152
5076
5143
5259
5020
5122
5189
5125
5236
4947
5133
5086
5017
4920
5005
4994
5297
5083
5104
5065
5067
5089
5174
4997
5238
5173
5273
5149
5127
5167
5059
5097
5021
5152
5287
5128
5154
5077
5150
5215
5081
5065
5194
5012
5209
5067
5190
5128
5169
5115
5197
5210
5163
5074
5142
5321
4991
5198
5214
5083
5103
5071
4991
5246
5185
5117
5057
5139
5060
5158
5214
5083
5182
4909
5083
5037
5148
5249
5088
5173
5258
5223
5301
5017
5144
5130
5158
5038
5140
5063
5193
5264
5050
5168
5143
5036
5136
5019
5108
5131
5161
5199
5130
5226
5083
5199
5081
5181
5097
5226
5127
5105
5045
5165
5213
5183
5044
5150
5096
5198
5116
5028
5196
5067
5193
5141
5084
5172
5035
4977
5205
5154
5114
5065
5200
5203
5078
5291
5011
5007
5168
5032
5065
5307
5134
5198
5036
5184
5125
5063
5159
4992
5090
5005
5261
4799
5159
5351
5196
5044
4941
5235
5154
5013
5079
4938
5023
5138
5181
5214
5314
5198
5082
5024
5135
5016
5251
5164
5037
5217
5121
5136
5162
4973
4887
5029
5079
5051
5066
5107
5119
4928
5257
5178
4946
5104
5197
5055
5167
5101
5064
5139
5042
5144
5161
5115
5076
5190
5093
5161
4959
5259
5151
5100
5129
4941
5074
4907
5179
4968
5066
5335
5044
5111
5159
5128
4989
5077
5139
5251
5282
5019
5321
5190
5111
5214
5154
5044
5152
5100
5064
4845
5214
5132
5347
5139
5199
5103
5221
5041
5052
5035
5263
5124
5052
5137
5171
5329
5251
5138
5185
5152
5042
5026
5226
5213
5079
5067
4982
5268
5131
5162
5121
5073
5135
5241
5032
5106
5077
5111
5202
5158
5198
5159
4937
5078
5088
5131
5122
5008
5155
5046
5128
5201
5116
5000
5183
4982
5162
5231
5092
5143
5128
5116
5049
4911
5128
5199
5097
5067
5044
5122
5167
5071
4953
5091
5202
5046
4976
4999
5235
5226
5071
5149
5225
4952
5130
5000
5185
5275
5165
5163
5037
5268
5145
5208
5140
5033
5072
5022
4995
5084
5031
5006
5094
5130
5181
5043
5244
5040
5051
5094
5163
5060
5047
5263
5183
5232
5219
5311
5004
4992
4990
5263
5035
5237
5145
5249
4986
5167
5145
5189
5139
5040
5194
5119
5099
5065
5119
5160
5153
5096
5167
5276
5284
5201
5130
5065
5206
4890
5152
5233
5152
5134
5051
5146
5094
5057
5055
5071
5154
5295
5085
4982
5174
5172
5288
5124
5106
5171
5063
5065
5088
5141
5315
5147
5067
5027
5131
5015
5103
5134
5039
5053
5090
5200
5166
4899
5048
5120
5169
5037
5066
5050
4932
5096
5103
4979
4942
5183
5190
5026
4927
5189
5066
5099
5140
5187
5117
4925
5135
4901
5201
5159
5097
5287
5033
5167
5096
5017
4976
5169
5001
5247
5135
5018
5179
5033
5116
5157
5114
5091
5107
5186
5244
5213
5136
5047
5212
5101
5142
5080
5106
5070
5092
5119
5265
5189
5053
5072
4978
5180
5090
5069
5122
5291
5195
5175
5119
5214
5117
5219
5048
4992
5012
4940
4955
5268
5135
5187
5151
5050
5170
5034
5184
5258
4974
4983
5214
5272
5064
5232
5079
5110
5241
5124
5219
5032
5006
5135
5239
5258
5086
5090
5129
4954
5200
5051
5192
5041
5018
5129
5211
5097
5092
5186
4905
5114
4956
5106
5254
5163
5128
5217
5188
5154
5078
5190
5098
5025
5146
5159
5140
5193
5043
5299
5265
5185
4929
5279
5098
5167
5080
5264
5032
5107
5199
5072
5007
4963
5041
5040
4923
5135
5135
5273
5086
5130
4970
5034
5044
5320
5174
5023
5126
5088
5103
4983
5130
5091
5109
5072
5046
5130
5207
5180
5230
5077
5104
5034
5127
5211
4977
5237
5115
5143
4909
5002
5178
5238
4983
5294
5214
5081
5080
5319
4985
4934
5209
5301
5154
5184
5150
5204
5152
5142
5151
5131
5024
5197
5056
5033
5080
5058
5088
5134
5278
5140
5446
5131
5131
5187
5176
4974
5022
5146
5123
5065
5164
5181
5113
5043
5096
5131
5144
5209
4985
5132
5173
5157
5133
5047
5181
5084
5028
5077
5074
5148
5095
5198
4961
5079
5083
4939
5088
5301
5273
5095
5218
5104
5203
5156
5268
5277
4999
5207
5106
5097
5188
4998
5057
5226
5132
5099
5047
4978
5138
5125
5079
5014
5065
4954
5239
5113
5099
5232
5089
4924
5079
5026
4976
4928
5122
5136
5179
5223
5223
5036
4967
5174
5013
5076
4944
5064
5010
5252
4930
5151
5123
5086
4964
5102
5164
5134
5170
5279
5057
5054
5187
5164
5300
5090
5090
5128
5199
5210
5061
5067
5089
5094
5293
5140
5246
5081
5082
5093
5143
5290
5155
5116
5358
4853
4987
5223
5168
5087
5004
5007
5074
5060
5033
5095
5157
5211
5194
5144
5218
5158
5234
5043
4975
5167
5011
5072
5026
5053
5060
5088
4978
5259
5127
5220
5033
5158
5003
5056
5139
5088
5127
5270
5172
5017
5097
5201
5199
5263
5131
5053
4928
5100
5163
5175
5101
5005
4992
5019
5099
5005
5039
5087
5031
5231
5022
5103
5173
5053
5090
5120
5351
5063
4980
5240
4918
5064
5138
5071
4955
5021
4963
5044
5058
4995
5080
5122
5021
4996
5123
5173
5110
5166
5167
5150
5192
5150
5315
5058
5160
5097
5092
5117
5035
5089
5103
5014
5145
5082
5131
5096
5097
5147
4997
5227
5238
5101
5049
5317
5124
5235
5054
5160
5131
5128
5099
5144
5014
5123
4907
5086
5188
5228
5135
5092
5283
4958
5216
5288
5041
4971
5185
5116
4965
5184
5086
5026
5146
5000
5236
5193
5137
4990
5100
5245
5059
5173
5115
5224
5183
5289
5111
4981
5135
5214
5102
5228
5205
5265
5175
5034
5118
5064
5193
5158
4969
5022
5011
5127
5169
5179
5017
5164
5009
5215
5024
5143
5278
4920
5099
5013
5132
5144
5139
5114
5154
4929
5235
5095
5160
5126
5036
5101
5112
5118
5203
5188
5110
5163
5035
5060
5078
5108
5198
5165
5220
5042
5026
5103
5033
5044
5159
5254
5325
5179
5298
5158
5051
4984
4936
5109
5116
5074
5004
5242
5208
4969
5206
5269
5071
5015
5209
5093
5035
5048
5113
5116
5147
5115
5169
5113
5095
5140
5144
5099
5063
5122
5086
5140
5005
5058
5234
4920
5293
5087
4958
5079
5164
5076
4995
4969
5003
5079
5209
5155
5038
5120
5101
5123
5268
5157
4874
5116
5019
5274
4971
5176
5076
5138
5134
4957
5116
5116
5229
5125
5255
5154
5125
4917
5182
5139
5134
5035
5195
5164
5081
5162
4986
5137
5224
5074
4977
5121
5198
5206
5063
5171
5090
5180
4977
5107
5145
5110
5047
5292
5066
5216
5185
5216
5208
5195
5010
5154
5229
4992
5014
4977
5356
5131
5024
5143
5211
4959
5178
5257
5119
4999
5041
5087
5072
5242
4899
5147
5001
5182
5183
5072
5156
5032
5172
5174
5092
5047
5177
5207
5113
5023
4991
5088
5060
5125
5121
5032
5039
4984
5000
5089
5194
5250
5023
4984
5247
5144
5070
5288
5086
5020
5143
5095
5244
5055
5173
5164
5114
5182
5007
5080
5275
5079
5172
5100
5227
5043
5046
5026
5214
5012
5137
5118
5054
5153
5198
5135
5203
5063
5037
5094
5168
4972
5175
5174
5151
5177
5196
5126
5228
5205
4995
5162
5155
5141
5129
5050
5199
5243
5108
5095
5099
5301
5119
5222
4957
5092
5069
5080
5159
5207
5315
5137
5154
5274
4993
5150
5113
5205
5155
5317
5036
5175
5171
5194
5190
5020
5088
5052
4901
5097
4958
5313
5161
5070
5277
5097
5063
5298
5093
5038
5134
5097
5046
5036
5115
5134
4882
4915
5066
5034
5192
5208
5080
5020
5202
5277
5129
5103
5074
5142
4993
5156
5078
5076
4984
5163
5175
5166
5045
5035
5223
5258
5304
5151
5046
5028
5049
5072
5108
5022
5189
5098
5103
5090
5127
5047
4990
5117
5245
5104
5158
5179
5112
5168
5194
4959
5150
5048
5100
5109
5265
5203
5048
5214
5005
5143
4983
5098
5185
5045
4994
5020
5034
5280
5238
5055
5150
5134
5092
5179
5110
5159
5123
5093
5187
5108
4942
5282
5090
4994
5082
5112
5023
5190
5143
5045
5202
5243
5209
5011
5109
5218
5220
4997
4999
5085
5136
5145
5152
5304
5168
5065
5015
5283
5066
5064
4985
4975
5094
5187
5422
5147
5091
5181
5247
5084
4990
5116
5116
5120
5165
5279
4904
5187
5068
5301
5046
5192
5011
5108
5102
5170
5225
5265
5075
5149
5117
5225
5170
5075
5120
5134
5048
5269
5098
5070
5312
5183
5033
5052
5040
5089
5118
5114
5200
5055
5007
5281
4907
5284
5100
5187
5151
5160
5253
5157
5093
5017
5070
5137
5145
5164
5127
5038
4902
5152
5188
5102
4923
5024
5196
5173
5123
5168
4945
5136
5294
5033
5208
5022
5152
5015
5159
5259
5244
5288
5083
5119
5316
5024
4844
5004
4874
5191
4911
5197
5195
5122
4991
5042
5176
5046
5032
5154
5119
4992
5095
5278
4990
5173
5229
5184
5015
5234
5178
5122
5210
5068
5133
5056
5180
5222
5036
5088
5067
5167
5201
5181
5032
5082
5270
5296
4969
5036
5152
4990
5066
5211
5084
5069
5021
5109
5120
5085
5197
5242
5014
4976
5083
5010
5035
5070
4928
5327
5121
5018
5188
5041
5143
5114
5221
5062
5125
5175
5166
5030
5071
5027
5100
5101
5111
5255
5303
5064
5122
5208
5062
5075
5180
5095
5167
5002
5033
5226
5044
5143
5092
5085
5066
4938
5297
5077
5129
5126
5230
4970
5188
5082
5235
5207
5141
5166
5097
5101
5110
5154
5021
5001
5088
5102
4907
5069
5246
5315
5100
5014
5153
5013
5332
5174
5084
5054
5226
5085
5187
5258
5023
5207
5020
5172
5155
4918
5243
5010
5058
5138
5083
5198
5109
5162
5069
5266
5228
5148
5285
5269
5085
5118
5138
5156
5101
5251
5057
5206
5036
5164
5225
5116
5175
5085
5029
5208
5087
5017
5205
5141
4983
5181
5183
4879
5144
5249
5186
5000
5078
5127
5151
5085
5045
5300
5073
5198
5232
5266
5097
5033
5090
5220
5161
5188
5050
5032
5134
5082
5241
5178
5157
5058
5151
5134
5023
5027
5174
5051
5248
5152
5054
4911
5158
5185
5146
5177
5183
5207
5094
5186
5190
5164
5145
5217
5136
4880
5044
5034
5123
5163
5087
5143
5329
5053
5072
5228
5144
4908
5120
5285
5156
5213
5141
5171
5024
5121
5239
5271
5119
5349
5236
5137
5032
5170
5175
5089
5213
5063
5272
5109
5267
4965
5223
5021
5321
5231
5046
5200
5050
5185
5181
4964
5089
5338
5137
5181
5095
5041
5135
5073
5035
5252
5150
4972
5169
5334
5053
5193
5148
5109
5287
5087
5108
5213
5105
5220
5142
5221
5217
5151
5256
5239
5149
5023
5204
5083
5006
5098
5062
5012
4952
5037
4994
5210
5126
5280
5044
5316
5228
5159
5018
5057
5130
5177
5111
5101
4980
5146
5250
5058
4897
5152
5211
5319
5050
5140
4898
5023
5113
5213
5079
5020
5230
4990
4930
5239
5039
5086
5155
5025
5024
5107
5122
5083
5130
5154
5195
5111
5148
5063
5013
5106
5167
4987
5016
5188
5318
5227
5147
5054
5025
5201
5229
5074
5105
5036
5081
5203
5280
5042
5151
5079
4985
5164
5118
5134
5107
5224
5102
5046
5031
5216
5136
5274
5216
4939
5115
5086
5013
5044
5224
4838
5059
5191
4952
5038
4987
5114
5187
5151
5015
5225
5064
5086
5202
5233
5197
5082
5203
5002
5102
5026
5094
5254
5159
5176
5120
5034
5178
5070
5141
5201
5016
5041
5092
5033
5169
5099
5144
5079
5062
5119
5020
5059
5122
5034
5075
5099
5085
4993
5149
5080
5186
5145
5128
5014
5124
5050
5114
5010
5229
5346
5355
5132
5149
5158
4924
5034
5139
5079
5348
5163
5134
5081
5241
5015
4961
5103
4988
5000
5095
4953
5117
5194
5061
4938
5018
5163
5091
5119
4905
5230
5179
5177
5180
5126
4979
5186
5154
5146
5067
5208
5097
5030
5209
5042
5054
5071
5131
5193
5038
5122
4964
5166
5098
5045
5154
5144
5081
4827
5015
5286
5059
5085
5254
5163
5092
5073
5016
5107
4994
5141
5123
5144
5070
5173
5136
5127
5182
4896
5109
5163
5230
5180
5048
5121
5245
5029
4950
5082
4976
5151
5308
5082
5305
5050
5057
5129
5117
5270
5274
5151
5086
5106
5133
5223
4995
5101
5023
5197
5107
5103
5064
5023
4980
5004
4946
5136
5053
5135
5088
5029
5134
5037
5210
5283
5147
5090
4977
5179
5092
5219
5088
4958
5008
5124
5106
4883
5204
5175
5068
5094
5094
5051
5158
5283
5146
5293
5204
5102
5332
5045
5106
5032
5087
5090
5170
5162
5230
5138
4972
5221
5038
5076
5188
5161
5201
5168
5199
4960
5138
5099
5138
5072
5209
5139
5137
5200
4991
5105
5088
5077
5166
5034
5111
5057
5114
5299
4992
5048
4978
5265
5251
5168
5094
4999
5206
5100
5037
5034
5204
5101
5002
5035
5029
5144
5217
5069
5157
5157
4961
5162
5144
5084
5158
5157
5125
5216
5254
4940
5177
5123
5115
5176
5125
5005
5157
5225
5253
4922
5023
5101
5273
4979
5172
5048
5064
5162
5135
5074
5242
5074
5096
5107
5176
5228
5054
5250
4999
5250
5145
5122
5170
5147
5100
5120
5163
5175
5116
4977
5190
5094
5073
5347
4948
5176
5007
4986
5006
5030
5130
5137
5022
5147
5058
5231
5175
4932
5004
5046
5161
5251
5095
4898
5084
5241
5074
5154
5072
5163
5172
5170
5214
5163
5087
4957
5106
5099
5176
5139
5147
5056
5021
5170
5104
5193
5055
5077
5166
4929
4978
5118
5148
5238
5040
5194
5134
5207
5133
5027
5156
5092
5061
5220
5076
5013
5015
5148
5160
5127
5267
5225
5168
5160
5140
5088
5194
5146
5038
5181
5207
5069
5051
5060
5160
5003
5136
5046
5221
5208
5077
5091
5137
5157
5204
4902
5127
5140
5026
5123
5031
5003
5004
5129
5013
5110
5094
5217
5043
5154
5094
5222
5363
5191
5147
5059
5165
5095
5145
4982
5157
5275
5203
5167
5221
5210
5242
5093
5161
5127
5121
4953
5075
5303
5111
5068
4985
5087
4974
5118
4984
5074
5178
5164
5215
5119
5029
5213
4943
5053
5126
5050
5112
5080
5195
5143
5271
5186
5138
5148
5062
5117
5277
5075
5292
5089
5217
5305
5073
5135
5106
5100
4930
4998
5127
5390
5158
5137
5066
5032
5292
5016
5016
5140
4987
5145
5167
5253
5063
5096
4973
5086
5124
5157
5157
4965
5118
5236
5241
5088
5097
5018
4973
5073
5203
5055
5196
5243
5162
5105
5101
5113
5034
5146
5148
5139
5127
4899
5090
5185
5189
5160
5013
5001
5027
5149
5110
5212
5152
5122
5192
5206
5053
5200
5064
5149
5101
5125
5052
5114
5169
4897
5065
5133
4997
5129
5054
4987
4816
5207
5118
5277
5099
5292
5114
5157
5144
5038
5053
5122
5016
5020
5092
5143
5141
5134
4910
5240
5074
5149
5074
5023
5237
5073
5201
5149
5251
5223
5061
5077
5070
5071
5133
4967
5046
5136
5176
5189
5184
4982
4985
5184
5136
5118
4952
5110
5319
5166
5136
5192
5044
5312
5145
4990
5215
5111
5196
5198
5136
5299
5078
5142
5184
4944
5005
5148
5174
5203
4966
5182
5136
5108
5189
5083
5064
4960
5150
5046
5165
5142
5038
5077
4993
5033
5171
5168
5190
4983
5155
5024
5011
5216
5063
4943
4991
5051
5265
4919
4955
5048
5004
5162
5086
5046
5068
5108
4999
5344
5287
4922
4981
5249
5317
4989
5036
5239
5232
5127
5068
5181
5061
5117
4904
5181
5213
5205
5011
4919
5107
5017
5134
5154
5119
5354
5244
5282
4981
5081
5249
5176
5083
5177
5152
5159
5074
5217
5086
4973
5089
5050
5050
5115
5048
5118
5202
5014
5144
5275
5151
5027
5151
5039
5222
4902
5115
5042
5286
5030
5156
5064
5319
5074
5143
4934
5296
5297
5009
5118
5037
5020
5086
4997
5116
5352
4934
5065
5082
5213
5172
5106
5224
5072
5058
5156
5049
5173
5295
5190
5066
5254
5000
5067
5002
5309
5213
5055
5194
5044
4986
5019
5192
5069
5112
5043
5198
5028
5194
5080
5068
5064
5280
4921
5165
4943
5205
5115
5240
5200
5073
5076
5009
5106
5046
5032
5104
5149
4889
5065
5046
5152
5249
5076
5184
5154
5036
5099
4960
5088
5151
5183
5139
5083
5249
4891
5134
5057
5166
5066
5133
5102
5220
5023
5069
5255
5136
5177
5173
5082
4998
5212
5011
5038
4986
5245
5111
5057
5130
5068
5035
5285
5006
5088
5103
5055
5050
5273
5337
5265
5241
5238
5021
5078
5169
5143
5034
5169
4987
5200
5190
5237
5191
5290
5074
4994
5059
5071
5201
5302
5098
5188
5279
5074
5120
5043
5130
5081
5230
5165
5152
5160
4930
5023
4990
5051
5202
5131
4977
5197
5190
5155
5195
5315
5155
5036
5069
5245
4969
5043
5136
5198
5158
5102
5157
5143
5213
5216
5093
4995
5118
5243
5061
5157
4967
5072
5131
5188
5103
5212
4996
5048
4999
5053
5202
5231
5122
5043
5263
5238
5136
5196
5022
5143
5155
5254
5016
4934
5258
5093
5122
5036
5029
5207
5145
5087
5036
5089
5192
4864
5097
5126
5049
5084
5161
5064
5190
5186
4984
4983
4988
5130
5168
5217
5111
5010
5128
5081
5118
5109
5203
5032
5007
5066
5057
5207
4971
5305
5117
5115
5052
5125
5062
5170
5076
5232
5082
4895
5311
4959
5122
5092
5167
4923
5011
5102
5026
5054
4993
5225
5187
5136
5083
4924
5244
5009
5238
5147
5196
5076
5055
5170
5126
5006
5179
5211
5050
5045
5108
5142
5216
5103
5205
5235
5019
5096
5217
5091
5186
5169
5270
5299
5041
5081
5236
4915
5049
4945
5132
5041
5139
5025
4993
5215
5049
5113
5147
5243
5002
5079
5056
5043
4875
5211
5165
5138
5095
5113
5251
5042
4954
5072
5041
5173
5002
5118
5213
5208
5026
5287
5262
5094
5161
4990
5291
5156
5046
5189
5009
5255
5152
5212
5027
5394
5002
5138
5088
5149
5098
5167
5133
5222
5293
5205
5183
5223
5149
5078
5094
5098
5123
5130
5152
4947
5086
5116
5292
5211
5150
5174
5094
4996
5105
5133
5163
5213
5274
5183
4903
5026
5255
4947
4999
5234
5150
5072
4981
5090
5066
5169
5019
5105
5260
5019
5130
5237
5236
5061
5003
4975
5146
5029
5211
4898
5052
4853
5159
5243
5125
5214
5021
5140
5131
5198
5041
5227
5081
5243
5095
5101
5198
5208
5214
5232
5164
4810
5049
5162
5240
4961
5220
5231
4965
5117
5100
5138
5163
5190
5042
5221
5275
5124
5088
5082
4935
5188
5188
5098
5119
5214
5068
5061
5209
4997
5086
5009
5223
5053
5159
5196
4961
5184
5294
5182
5209
5157
5030
5112
5098
5280
5191
5054
5122
5120
5238
5022
5011
5006
5183
5114
5275
5078
4962
5151
5093
5031
5061
4982
5217
5108
5056
5184
5285
4999
5103
5104
4999
5121
5152
5131
5037
5152
5117
4969
5035
5296
5111
5084
5071
5226
5041
5155
5301
5109
5099
5032
5169
5103
5228
5127
5181
5111
5076
5065
5311
5175
5280
5055
5098
5101
5189
5058
5060
5054
5117
5133
5196
5036
4960
5113
5182
5166
4909
5021
5133
5214
5140
5270
5165
5077
5091
4987
5133
5082
4936
5221
5098
5284
5068
5029
5111
5146
5076
5099
5192
5080
5127
5104
5009
5273
5085
5126
5050
5027
5171
5223
5120
5221
5100
5055
5117
5089
4977
5201
5020
5063
5212
5234
5131
5208
5079
5323
5266
5025
5206
5233
5042
5061
5090
5168
5109
4917
4979
5100
5031
4956
5098
5124
5140
5031
5072
5075
4968
5307
5000
5225
5028
5114
5270
5235
5195
5254
4933
5114
5126
4971
5271
5073
5116
5034
5128
5245
5119
5146
5065
5122
5001
5093
5281
5041
5208
5097
5164
5165
5155
5163
5167
5274
5235
5292
5080
4965
5106
5035
5062
5026
5139
5144
5220
5223
5172
5191
5036
5093
5197
5067
5064
5141
4950
5099
5276
5027
5093
5174
5248
5004
5075
5006
5182
5078
5094
5075
5261
5209
5066
5060
5151
5137
5232
5003
5059
5206
5244
5094
5092
5195
5084
5107
5179
5233
5220
5129
5158
4998
5289
5089
5195
4992
5132
5227
5305
5200
5231
5100
5117
5056
5016
5091
4990
5203
5056
5115
5087
5084
5075
5048
5098
5136
5146
5158
5168
5165
5089
5082
5177
5169
5030
5250
5127
5117
5035
5079
5127
5170
5219
5062
5053
5081
5102
5083
5158
5112
5074
4977
5025
5047
5042
5048
5180
5256
5016
5065
5102
4989
5116
5212
5123
4953
5135
5127
5255
5023
5247
5321
5221
5180
5195
5223
5064
5080
5098
5029
5061
5089
5014
4959
5184
5375
5204
4893
5053
5072
5204
5052
5223
5171
5127
5240
5112
5163
5081
5107
5046
5102
5205
5153
5051
5132
5166
5456
4996
5127
5213
5055
4999
5107
5121
5298
5300
5236
5134
5122
4946
5066
4980
5012
5040
5051
5166
5008
5092
5125
4988
5110
5074
5127
4978
5243
5083
5140
5284
5201
5205
5065
4998
5196
5258
5088
5090
5277
5056
5026
4902
5083
5192
5190
5293
5214
5110
5095
5279
5203
5029
5220
4979
4952
5069
5112
5095
5012
5056
5205
5158
5187
5014
5298
5027
5082
5300
5157
5193
5011
5147
5034
5102
5081
5082
5110
5319
4961
5234
5180
5186
5124
5038
5140
5116
5066
5200
4934
5100
5147
5132
5053
5284
5182
5015
5220
5068
4955
5019
5129
5087
5146
5132
4957
5080
5061
5126
5031
5110
5144
5003
5331
5157
5006
5357
5069
5032
5001
5172
4985
4986
5068
5189
5079
5035
5363
5170
5129
5193
5014
5113
5228
4995
5110
5089
5235
5167
5133
5156
5287
5127
5198
5186
5041
5255
5020
5104
5035
5207
5165
5149
5109
5098
5019
5009
5178
5188
5178
5021
5120
5036
5093
5125
5214
5163
5294
5039
5195
5078
5115
5013
5206
5188
5156
5333
5271
5129
5208
5083
5009
4968
5063
5284
5067
4961
5313
5010
5019
5048
5046
5182
5045
5210
5077
5162
5077
4951
5065
5257
5106
5214
5119
5240
5108
5185
5071
5014
5141
5189
5224
5170
5215
5124
5162
5119
5251
5115
5223
5100
5043
5012
5157
5012
5106
5130
5040
5075
5180
5186
5103
5110
5104
5039
5231
5146
4944
5166
5181
5011
5074
5097
5167
4982
5163
5060
5249
5031
5056
5198
5067
5156
5098
5288
5091
5163
5103
5191
5215
4960
5197
5091
5212
5224
4983
5120
5233
5205
5241
5117
5154
5120
5078
5020
5138
5006
5128
5231
5208
5085
5183
5192
5152
5125
4965
4967
5180
5305
5131
5198
5207
4938
5101
5046
5066
5353
5087
5300
5037
5095
5187
5047
5147
4948
5159
5061
5107
5139
5054
5152
5232
5262
4984
5130
5044
5066
5110
5355
5011
5100
5119
5129
5194
4826
5066
5047
5044
5187
5136
5117
5183
5105
5132
5200
5093
5193
5050
4911
5173
5050
5123
5087
5026
5194
5142
5262
5206
5244
5002
5124
4998
5271
5067
5057
5163
5159
4974
5181
5194
5175
5159
5080
4891
5176
5215
5160
5308
5142
5038
5166
5120
5149
5252
5149
5211
5162
5172
5048
5246
4996
5211
5234
4965
5001
5049
5127
5244
5144
5011
5102
5114
5215
5113
5091
5269
5100
5156
5197
5145
5008
5246
5034
5045
5082
5250
5110
5023
5129
5179
5050
4965
5220
5132
5348
5199
5199
5200
5127
5179
5031
4910
5114
5261
5255
5205
5127
5174
5145
5153
5035
5093
5185
5155
5011
5160
5007
5054
5179
5138
5233
5119
4999
5041
4919
5166
5118
5267
5050
5110
5089
5261
5045
5200
5090
5046
5070
5109
5165
5046
5056
5153
5139
5114
5046
5105
5027
5115
5093
5003
5054
5096
5174
5274
5030
5046
5225
5243
5042
5244
5291
5212
5141
5138
4914
5249
5040
5163
5036
4913
5235
5005
5190
5077
5102
4936
5122
5100
5068
5213
5105
4842
5090
5065
5034
5294
5186
5068
4974
5180
5232
5188
5190
4917
5073
4997
5174
5001
5132
5161
5127
5177
5016
5219
5097
5115
5169
5075
5292
5217
4988
5099
5080
5186
4998
5076
5096
5005
5253
5077
5091
5207
5069
5234
4984
5202
5011
5033
5058
5075
4930
5060
5106
5147
5215
5090
5134
5001
5013
5104
5115
5184
5118
5106
5236
5052
5005
5043
4972
5108
5126
4999
5034
5177
5232
5169
5274
5101
5252
5001
5066
5034
5076
5203
5155
5080
5090
5242
5217
5122
5175
5251
5121
5134
5162
5265
5016
5150
5279
5098
5147
4853
5197
5177
5091
5231
4989
5072
5073
4956
5088
5098
5092
5149
5131
5234
5236
5033
5131
5066
5104
4937
5045
5068
5043
5137
4888
5184
5025
5090
5287
5115
5235
5215
5189
5025
5207
5009
5244
5025
5215
5015
5214
5248
5089
5170
5063
5073
5017
4989
5072
5085
5087
5119
5137
5103
5213
5072
5198
5242
5080
5035
5173
5169
4941
5232
5226
5277
5053
5154
5140
5156
5077
4967
4983
5071
5133
5100
5206
5170
5068
5015
5153
5173
5067
5123
5164
5263
5145
5205
5256
5180
5130
5182
5125
5112
5128
5148
5050
5137
5196
5189
5152
5069
4969
5242
5167
4968
5126
5230
5151
5215
5065
5219
4958
5182
4995
5059
5105
5170
5112
5255
5136
5146
5071
5124
5191
5184
4943
5175
5044
5154
4939
5131
5116
5174
5066
5099
5230
4981
5177
4955
4909
4996
5047
5205
5236
4940
5086
5122
5117
5153
4918
5109
5232
5266
5107
5174
5050
5053
5163
5051
5197
4998
5167
5243
5211
5242
4995
5131
5276
4987
5084
5266
5178
5152
5082
4983
5140
5195
5229
5072
5014
5205
5125
4982
5090
4936
5151
4975
5187
5135
5277
5125
5108
5056
4905
5146
4923
5057
5179
5137
4923
5103
5032
5137
5108
4877
5092
5229
5064
5023
5072
5102
5017
4954
5136
5146
5066
5036
4954
4956
5148
5130
5008
5018
5029
5065
4961
5153
5024
5074
5222
5089
5019
5160
5049
5046
4917
5125
5143
5168
4995
5063
4989
5182
4993
5068
5184
5185
5066
5081
5159
4970
5222
5071
5098
5121
5059
4918
5145
5133
5222
4894
5112
5185
5068
5282
4995
5215
5081
5313
5136
5021
5087
4942
5167
5149
5082
5201
5119
5221
4984
5216
5091
5076
5187
5206
5138
5058
5031
5013
5088
5041
5315
5213
5200
4951
5150
5112
4997
5086
5041
5186
5153
5015
5130
5143
5123
5141
5215
5212
5098
5208
5088
5019
5155
5067
5171
5130
5010
4893
4917
5207
5184
4997
5120
4768
4980
5199
5117
5095
4952
5204
5067
5098
5096
5055
5024
5077
5113
5039
5133
5069
5231
5241
4984
5076
5023
5266
5191
5021
5265
5036
5114
5074
5164
5068
5141
5110
5175
5040
5135
5250
5038
5158
5318
5320
5191
5109
5151
5106
4952
5099
5220
5195
5099
4957
5233
5151
5022
5141
5246
5195
5172
5041
5111
5211
5327
5180
5161
5102
5030
5135
5183
5244
5209
5128
5042
5116
5301
5071
5054
5064
5040
5028
5013
5272
5137
5216
5247
5145
4976
5187
5200
4938
5088
5213
4924
5178
4967
5108
5214
5180
5188
5106
4889
5170
4928
5278
5055
5067
5143
5149
5058
5055
5194
5285
5146
5183
5111
4974
5151
5057
4968
4985
5264
5371
5210
5268
5141
4986
5179
5170
5091
5096
4909
5020
4791
5248
5104
5197
5230
5141
4980
4982
5058
5156
5093
5249
5043
5145
5139
4986
4933
5062
5266
4898
5070
5248
5039
5258
5050
5154
4985
5018
5092
5003
5120
5060
5032
5039
5299
4937
5057
5003
5110
5108
5061
5210
5136
5128
5254
5223
5135
5084
5139
5133
5122
5276
5103
5171
5111
5193
5214
5131
5067
5269
5238
5175
5070
5174
5086
4972
5202
4842
5093
5287
5112
5191
5022
5114
5140
5190
4953
5164
5003
5177
5116
4893
5088
5172
5043
5218
5055
5234
5164
5095
5195
5257
5362
5230
5165
5182
5043
5044
5103
5102
5089
5039
5097
5025
4979
5162
5102
5139
5025
5069
5148
5250
5207
5191
5182
4910
5119
5143
4968
5026
5397
4990
5086
5107
5048
5020
5130
5127
4967
5140
5131
5138
5036
4917
5029
5163
5105
5174
5091
5068
5129
5193
5167
5147
5231
5111
5058
5242
5198
5191
5114
5030
5199
5212
5003
5035
5228
5141
5287
5302
5083
5123
5046
5083
5126
5014
4995
4946
5148
5246
5174
5123
5167
5142
5078
5188
5062
5108
5126
5161
5048
5188
5080
5054
5121
5269
5338
5242
5213
4938
4964
5197
5149
5160
5216
5082
5116
5028
5122
4933
5246
5162
5137
5147
4989
5053
4988
5147
5198
5197
5048
5348
5159
5129
4982
5186
5036
5034
5128
4962
5163
5079
5009
5070
5204
5184
5221
5108
5077
5062
5060
5295
5088
5138
5254
5018
4968
5072
4900
5171
5098
5164
5178
5019
5312
5029
5104
4942
5013
5237
5190
5135
5157
5273
5199
5180
5181
5287
5042
5102
5234
5121
5057
5009
5193
5008
5055
5145
5149
5015
5064
5176
4969
4954
5165
5032
5304
5301
5013
5187
5065
5125
5063
5201
5112
5157
5200
5211
5134
5238
5009
4996
5008
5186
5075
5013
4771
5184
5160
5076
5188
5080
5057
5041
5256
5023
5104
5012
5031
5269
5069
5108
4969
5022
4992
5089
5118
5006
5183
5113
5105
5006
5083
5212
5113
5160
5233
5233
4993
5185
5235
5117
5153
5079
4913
5132
5171
5109
5039
5101
5072
5183
4955
5045
5295
5147
4782
5230
5188
5162
5206
5227
4998
5068
4984
5158
5012
5144
5262
5179
5203
5046
5190
5102
5006
5029
5015
5046
5343
5215
5153
5151
5198
5216
5207
5131
5206
5051
5214
4955
5233
5140
5125
5025
5187
5143
5180
5147
5302
4969
5073
4974
5084
5223
5127
5170
5200
5186
4914
5032
5105
5324
5075
5136
5141
5125
5212
5075
5192
5026
5261
5072
4958
5029
5000
5141
5160
5042
5063
5153
5078
5016
5171
5119
5183
5184
4987
5170
5349
5132
5246
5228
5030
5063
5146
5112
5098
5043
5014
5111
5081
5331
5137
4939
5123
4937
5188
5075
5213
5089
5137
5040
5121
5208
5153
5017
5208
5098
5052
5191
5199
5170
5296
5070
5149
5161
5199
5170
5177
5091
5089
5161
4952
5057
5188
5023
5200
5180
5176
4953
5040
5171
5022
5162
5170
5103
5078
5167
5041
5204
5167
5215
5089
5094
5067
5062
4985
4960
5128
4965
5104
5071
5103
5118
5265
5130
5202
5200
5072
5263
5104
5212
5012
5033
5059
5116
5050
5155
4991
5356
5130
5109
5022
5038
5221
5142
5216
5202
5162
5214
5066
5205
4980
5207
5150
5089
5051
5111
5149
5107
5175
5167
5062
5147
5144
4957
5050
5077
5161
5049
5205
5210
5091
5165
5262
5147
5383
5233
5016
5080
5109
5182
5212
5066
5101
5102
5281
5010
5101
5141
5130
5060
5098
5170
5117
5065
4938
5141
5150
5199
5099
5017
5068
4819
5044
5092
5252
5011
5096
5034
5066
5071
5119
5176
5200
5336
5107
5148
5146
4949
5107
5120
5130
5137
5115
5129
5133
5207
5042
5263
5204
5222
5400
5037
5108
5096
5092
5027
5190
5223
5309
5364
5208
5297
5168
5142
5062
5116
5215
5078
5182
5217
5218
5171
4949
5216
5109
4982
5194
5047
5111
5214
5005
5132
5201
5159
5093
5088
5272
5239
5099
5083
5206
4915
5088
5265
5066
5182
5278
4964
5037
4987
5011
5045
5247
5041
5095
5352
5141
5098
5069
5071
5118
5075
5102
5003
5268
5124
5201
5069
5067
5046
5213
4881
5085
4990
5047
5050
5051
5260
4996
5151
5177
5043
5320
5149
5127
5152
5129
5107
4994
4978
5263
5073
5055
4994
5137
5088
5220
5162
5108
4945
5065
5173
4909
5111
5077
5190
5151
5238
5158
5145
5151
5004
5071
4955
5099
5222
5359
5175
5096
5096
5155
4919
5189
5140
5246
5083
5053
5052
5085
5164
5216
5284
5103
4959
5172
5002
5082
5072
5105
5136
4951
5168
5133
5158
5171
5049
5166
5043
5167
5094
4885
5152
5019
5002
5096
5182
5187
5130
5128
5205
4893
5192
5093
5208
5126
5133
5185
4994
4945
5006
5069
5194
5132
4995
5116
5245
5138
5035
5159
5172
5091
5291
5168
5160
5072
5034
5173
5004
5223
5113
5000
5254
5079
4902
5188
5073
5195
5222
4998
5092
5209
5117
5093
4953
5116
5317
5284
5086
5168
4961
5172
5218
5219
4958
5080
5165
5199
5157
5189
5118
5203
5099
5083
5012
5094
5115
5124
5032
5066
5053
5086
5152
5075
5013
5264
5041
5084
5010
4913
5029
5232
5114
5018
5151
5098
5031
5067
5237
5117
5162
5316
5336
5105
5130
5263
5201
5282
5029
5125
5046
5227
5294
5235
5065
5175
5080
5048
5269
5155
5132
5237
5176
5114
5234
5135
5112
5001
5073
4948
5159
5106
5169
5060
5198
5274
5007
5035
5192
4956
5081
5127
5138
5146
5048
5164
5208
5078
5037
5131
5311
5023
5026
5193
5087
5025
5112
4984
5085
5074
5076
5103
5036
5085
5201
5039
4906
5176
5195
5023
5143
5224
5065
5085
5190
5219
5011
5167
5141
4901
5163
5275
5212
5197
4925
5073
5266
5077
5066
5234
5077
4999
5153
5237
5269
5163
5287
5192
4979
5231
5278
5206
5220
5076
5210
5037
5008
5278
5034
5218
5065
5171
5239
5132
5246
5011
5193
5026
5127
5015
5123
5166
5238
5260
5175
5286
5219
5216
5117
5055
5056
5006
5146
5154
5278
5065
5385
5084
5194
5136
5199
5209
4970
5262
4973
5204
5124
5022
5138
5258
5085
5134
5075
4948
5021
5101
4975
5110
5198
5169
5248
5077
5102
5237
5227
5087
4996
5272
5153
4950
5010
5083
5097
5104
4998
5159
5156
5011
5140
5061
5159
5209
5084
5129
5111
5087
5111
5154
5169
5087
5191
5173
5208
5222
5180
5137
5307
5268
5043
5281
5037
5232
5169
5169
5016
5362
5112
4995
5152
5183
5180
4981
4923
5115
5145
5125
5083
5317
5066
4920
5126
5358
5214
5280
5140
5060
5363
5169
5077
5234
5166
5114
5182
5253
5122
5180
5002
5177
5229
5205
5151
5167
5085
5142
4975
5108
5027
5200
5153
4992
5115
5123
5061
5123
5066
5048
5202
5354
5087
4923
4936
5185
5090
5139
5105
4962
5098
5156
5116
5268
5046
4929
5387
5201
5128
5108
5008
5046
5021
5000
5169
5084
4955
5316
5036
5296
5057
5047
5251
5253
5188
5112
4941
5094
5209
4945
5137
5190
5091
5076
5090
5166
5244
5044
4987
5132
5127
5164
5029
5347
4975
5052
5163
5086
5104
5142
5042
5263
5069
5105
5162
5069
4958
5084
4998
5039
5103
5118
5294
4885
5144
5134
5227
5027
5098
5054
5071
5243
4990
5131
5007
5245
5090
5172
4963
5044
5228
5196
5144
5118
5047
5119
5055
5124
5223
4937
5176
5191
5108
5177
5163
5021
5086
5007
5129
5136
5097
5005
5177
5039
5193
5163
5224
5077
5110
5097
5012
5074
5098
5049
5210
5144
5060
5059
4954
5209
5087
5002
5106
4986
5184
5120
5236
5210
5164
5245
5063
4973
5145
5159
5059
5184
5111
5098
5185
5193
5179
5121
4972
5182
5049
5263
5079
5202
5132
5042
5120
5129
5081
4993
5001
5146
5059
5196
5093
5191
5213
4943
5120
5103
5150
5142
5245
5241
5110
5026
5152
5145
5053
5042
5050
5182
5120
5136
5294
4853
5067
5144
5121
5097
5148
5230
5071
4971
5179
5196
5149
5214
5185
5032
5165
5075
5093
5211
5101
5040
5082
5112
5058
5076
5135
5053
5203
5166
5096
5085
5141
5067
5201
5098
5031
5236
5120
5058
5047
5179
5207
5130
5124
5178
5153
5034
5196
5133
5140
5064
5041
5209
5111
5198
5009
5111
5139
5081
5231
5099
5164
5072
5021
5206
5042
5195
5288
4903
5166
5041
5022
4939
5003
5299
5089
5016
5155
5085
5149
4998
5084
5180
5027
5081
5119
5137
5168
4964
5200
4929
5175
5020
5168
4987
5168
5026
5215
5120
5179
5087
5142
5149
5159
5037
5089
5051
5054
5027
5007
5298
5055
5232
4983
5116
5000
5222
5190
5113
5129
5079
5109
5180
5184
5160
4867
5196
5201
5139
5071
5284
5151
5064
4995
4925
5242
5108
4948
5106
5097
5149
5124
4949
5257
5190
4990
5054
5043
5051
5152
5143
5264
4982
5014
5083
5199
5195
5116
5210
5068
5177
5158
5018
5086
5048
5035
5055
5158
5215
5146
5146
5127
5100
5268
4963
4987
5031
5402
5053
5175
5196
5168
5028
4968
5038
5110
5253
5099
5316
5111
5078
5181
5317
5152
5107
5067
5180
5207
5245
5127
5089
5162
5057
5071
5000
5151
5188
5126
5101
5169
5082
5188
5276
5113
5219
5052
5184
5223
5154
5285
4905
4986
5063
5189
5052
5254
5213
5031
5105
5123
4992
5078
5154
5313
5094
5191
5176
5040
4972
5031
5071
4998
5292
5127
5064
5081
5278
5163
5049
5030
4975
5117
5173
5253
5141
5021
5317
5200
5252
5004
5133
5035
5089
5220
5026
5215
5235
5092
5064
5070
5051
5237
5088
5139
5201
5044
5058
5113
5173
5143
5155
4982
5118
5176
5043
5201
5056
5312
5094
5091
5121
5045
5035
5294
5148
5101
5107
5220
5206
5052
5065
4932
5045
5262
4951
5148
5241
5061
5061
5161
5228
5163
5329
5416
5076
5184
5144
5106
5087
5203
5114
4999
5085
5176
5098
5022
5041
5076
5170
5176
5339
5012
5213
5193
5125
5078
5175
5151
5028
5104
5117
5147
5083
5076
5056
5024
5113
5146
5280
5024
5012
5140
5113
4796
5205
5219
5110
5152
5142
5196
5048
4940
5290
5099
4953
5033
5160
5075
5211
5169
5042
5109
5038
4998
5147
5101
5097
5158
5059
5040
5099
5173
5109
4873
5058
4984
4848
5102
5013
5037
5139
5063
5008
5011
5294
5030
5098
5118
5123
5112
5163
5134
5052
5242
5169
5138
5121
5164
5173
5092
5096
4952
5122
5144
5125
5127
5105
4946
5127
5153
5084
5138
5124
4941
5058
5160
5136
4953
5256
5015
5160
5261
5115
5201
4887
5107
5185
5068
4968
5161
5264
5001
5104
5000
5067
5186
4915
5211
5199
5062
4973
5146
5090
5123
5304
5176
5217
5113
5130
4959
5038
5196
5021
5318
5061
5006
5097
5238
5163
5064
5109
5153
5150
5013
5148
5124
5029
5119
5268
5149
5075
5346
5152
5045
5129
5100
5118
5086
4998
5154
4971
5443
5221
5165
5099
5123
5075
5151
5170
5134
4942
5024
5169
5061
5058
5027
5171
5077
5169
5152
5206
5267
5103
5253
5219
5145
5108
5065
5228
5198
5090
5207
5191
5064
5141
5203
5096
5252
5280
4990
5067
5134
4983
5262
5129
5054
5285
5109
5001
5150
5184
5220
5313
5231
5071
5066
4973
5164
5089
5123
5055
4982
5080
4939
5220
5151
5180
5081
5128
5145
5064
5059
5161
5121
5088
5158
5065
5074
5217
5147
5035
5029
4958
5216
5048
5216
5129
5101
5047
5145
5144
5215
5024
5234
5208
5235
5136
4998
5114
5174
5190
5040
5306
5025
5082
5265
5214
5216
5209
5119
5179
5230
4992
4847
5040
5108
5141
5232
5151
5084
5124
5059
5233
5117
5279
5233
4983
5021
5053
5269
5318
5094
5040
5119
5308
5244
5147
5084
5123
5212
5093
5076
5049
5146
5084
5295
4996
5073
5153
5003
5144
5166
5023
5291
5245
5039
5187
5189
5239
5250
5188
5183
4987
5007
4979
4990
5169
5211
5155
5173
5155
5049
5095
5114
5179
5195
5269
5207
5171
5087
5068
5120
5074
5151
5079
4970
5137
5327
5010
5012
5014
5124
5047
5176
5146
5103
5069
5194
5213
5202
5035
5010
5183
5151
5276
5019
5096
5150
5023
5151
5061
5099
5099
5131
5156
5010
5113
5060
5215
5122
5213
5138
5149
4959
5303
5122
5237
5261
5240
5104
5002
5032
5206
5155
5130
5217
5118
5271
5095
4930
5006
5016
5134
5018
5158
5090
5210
5067
5001
5155
5105
5202
5160
5031
5085
5221
4985
5120
5375
5082
5066
5201
5094
5006
5131
5163
5063
4970
5106
5313
5014
5073
5189
5166
5342
5110
5193
5179
4925
4976
5191
5203
5297
5138
5236
5133
5152
5116
5110
5126
5056
5134
5162
5147
5232
5121
5171
4944
5139
5111
5116
4997
5110
5130
5020
4925
5176
4989
5061
5044
5090
5160
5101
5091
5025
5200
5009
5151
5181
5032
4942
5230
5007
5083
5103
5027
5119
5064
5177
5148
5115
5159
5123
5119
5246
5179
5204
5141
5149
5073
5135
5103
5163
4994
5025
5115
5015
5253
4983
5058
5064
5220
5029
5029
5160
5045
5185
5121
4996
5126
5142
5142
5090
5121
5152
5048
5076
5100
5181
5108
4925
5112
5075
5035
5107
5122
5180
5157
5342
5129
5084
5093
5150
5074
5086
5241
5048
5084
5067
5200
5109
5039
5170
5197
5263
5239
5216
4999
4998
5063
5220
5141
5120
5252
5178
5038
5084
5082
5173
5178
5135
5344
5110
5213
5162
4983
5171
5152
5425
5065
5206
5318
4907
5074
5234
5198
5277
4974
5079
5041
4961
5162
5235
5252
5365
5174
5118
5154
4934
5119
5197
5048
5169
5181
5246
5147
5204
5290
5236
5115
5149
5122
5011
5135
5206
5157
5173
4956
4980
5151
5078
5106
5063
5148
5103
5105
5340
5057
5100
5268
4982
5048
5032
5092
5084
5164
5113
5102
5139
5119
5106
5157
5046
5211
5311
5156
5162
5184
5225
5125
5136
5244
5223
5158
5001
5062
5164
5105
5161
5011
5150
5176
5172
5049
5061
5061
5119
5045
5053
5186
5032
5086
5117
5066
5141
5203
5069
5060
5167
5064
5200
5041
4961
5177
5126
5197
5118
4982
5036
5327
5287
5070
5137
5184
5236
5262
5077
5119
5027
5108
5271
5029
5228
5210
5233
5192
4980
5223
5097
5149
5114
5008
5140
4983
4975
5317
5024
5263
5058
5189
5227
5114
5151
5249
5149
5115
5005
5062
5181
5011
5186
4997
5045
5119
5153
5126
5105
5109
5196
5243
5167
5137
5112
5085
5132
5139
5200
5027
5017
5098
5322
5201
5114
5176
5144
5106
5160
4997
5216
5132
5181
5156
5122
5067
5034
4997
5077
5125
5078
5131
5222
5146
5240
5216
4966
5094
5085
5346
5054
5123
5031
5125
4964
5154
4978
5202
5180
5073
5066
5074
5151
5126
5040
4974
5149
5157
5233
5166
4862
5264
5092
5140
5021
5159
5066
5279
5000
5166
5172
5165
5127
5179
5210
5089
5141
5078
5039
5143
5160
5076
5280
5095
5224
5124
5112
4944
5014
5203
5129
4940
5376
5203
5050
5113
5078
5147
5016
5273
5019
5125
5137
5060
5248
5122
5182
5128
5132
5132
5199
5113
5136
5117
5161
5168
5172
5032
5097
5176
5094
5061
5245
4905
5078
5342
5203
5094
5035
5049
5022
5156
5037
5065
5254
5097
4937
5120
5105
4967
4996
5170
5094
5228
5237
5186
5194
5031
5080
5135
5084
5041
5129
4878
5022
5251
5126
5074
5039
5264
5151
5194
5192
5205
5100
5145
5095
5030
4965
5147
5155
5028
5008
5111
5099
5131
5136
5013
5187
5016
5211
5129
5036
5032
5106
5164
5103
5122
5258
5101
5251
5117
5193
5040
5005
5078
5089
5102
5078
5209
5160
5029
5082
5054
4961
5164
5019
5195
5140
5183
5089
5310
5060
5155
5093
5233
5202
5148
5108
5070
5018
5122
5269
5128
5080
5191
5091
4984
5102
5007
5255
5216
5101
5056
5210
5109
5185
5265
5101
4895
5167
5097
5312
5068
5037
5389
5111
5142
5115
5178
5216
5004
5140
5061
4937
5136
5147
5363
4863
5170
5041
5131
5132
5091
5005
5139
5098
5218
5301
4971
5091
5238
5238
5170
5193
5142
5280
5055
4953
5233
5014
5260
5044
5128
5234
5094
5071
5267
5166
5125
5204
5000
5136
5191
5094
5211
5060
5126
5295
5282
4960
5224
4936
4952
5222
5115
5031
5099
5124
5155
5020
5166
5017
4886
5044
5200
5098
5241
5079
5165
5037
5226
4913
5108
5048
5275
5140
5104
5019
5078
5029
5311
5170
5177
5116
5073
5013
5076
5301
5080
4910
5086
5056
5125
5149
5099
5054
5195
5101
5017
5194
5236
5024
5068
5202
5200
5167
5166
5159
5110
5284
5090
5199
5245
5041
5139
5012
5152
4934
5229
5163
5034
5117
5077
4937
5056
4966
5139
5162
5150
5163
5071
5104
5245
5043
5106
5216
5076
5277
5009
5028
4974
5083
5145
5068
5104
4993
5103
5194
5004
5117
5079
4998
5014
5075
5227
4929
5156
4957
5145
5166
5261
5168
5121
5068
5062
5056
5195
5119
5098
5171
5018
5106
5082
5039
5207
5318
4930
4989
5151
5048
5132
5216
5054
5056
5051
5145
5145
5107
5095
5091
5149
5089
4971
5096
5041
5171
5026
5128
5180
5148
5111
5048
4951
5094
5189
5068
5265
5058
5165
5107
5086
4990
5206
5111
5239
5110
5113
5042
5237
4994
5059
5261
4842
5048
5170
5164
5225
5062
4960
5224
5116
5173
5086
4972
5382
5037
4986
5122
5010
5007
5038
5116
5156
5008
5191
5128
5094
4924
5193
5225
5165
5090
5166
5204
5151
5264
5162
5073
5257
5135
4925
5057
4987
5182
5261
5114
5210
4992
5020
5048
5085
5197
5080
4900
5164
5166
5032
5081
4947
5246
5105
5163
5196
5162
5245
5040
4918
5251
5086
5093
5143
5037
5065
5213
5138
5155
5161
5025
5026
5025
5235
5151
5209
5020
5274
5136
5175
5034
5165
5134
5210
5156
5210
5096
5179
5144
5078
5030
5127
5097
4936
5039
5225
5049
5153
5251
5164
5104
4988
5032
5069
4987
5099
5078
5042
5082
5067
5107
5202
5192
5254
5154
5173
5128
5174
4974
5024
5092
5008
5105
4999
5184
5003
5188
4994
5098
