9697
9693
9972
9916
9731
9943
9813
9753
9661
9738
9715
9987
9837
9817
9691
9666
9879
9588
9923
9744
9872
9832
9810
9900
9868
9772
9744
9845
9740
9838
9569
9463
9762
9966
9772
9802
9712
9720
9749
9838
9753
9712
9800
9666
9880
9917
9945
10051
9689
9915
9823
9894
9841
9986
9844
9606
9734
9845
9914
9820
9633
9883
9893
9774
9817
9893
9568
9783
9776
9828
9706
9832
9665
9673
9625
9911
9898
10033
9703
9849
10059
9687
9692
9782
9842
9816
9572
9823
9626
9782
9699
9748
9798
9841
9889
9845
9946
9625
9636
9775
9816
9854
9691
9653
9871
9702
9880
9842
9735
9670
9765
9759
9724
9828
9952
9993
9625
9855
9709
9672
9865
9732
9939
9755
9650
9486
9601
9793
9748
9808
9875
9662
9801
9780
9662
9899
9796
9890
9774
9884
9931
9585
9805
9747
9873
9859
9923
9858
9839
9826
9894
9696
9669
9774
9732
9727
9680
9487
9803
9949
9818
9718
9974
10021
9775
9736
9726
9721
9856
9765
9725
9711
9768
9798
9688
9654
9939
9834
9792
9841
9892
10033
9845
9679
9679
9729
9928
9677
9928
9717
9715
9766
9986
9797
9839
9741
9816
9688
9832
9961
9600
9639
9878
9745
9450
9689
9871
9800
9879
9769
9694
9940
10045
9943
9662
9675
9845
9961
9966
9854
9844
9736
9855
9750
9686
9764
9753
9621
9748
9791
9634
9784
9869
9723
9879
9812
9712
9744
9793
9564
9591
9730
9759
9947
9654
9831
9674
9570
9734
9870
9657
9942
9773
9723
9845
9830
9724
9635
9752
9896
9804
9713
9768
9908
9722
9912
9903
9650
9866
9744
9930
9764
9845
9869
9667
9614
9635
9483
9744
9748
9785
9818
9872
9672
9818
9893
9921
9831
9687
9733
9734
9738
9845
9704
9718
9815
9812
9606
9773
9736
9904
9803
9778
9861
9885
9753
9593
9861
9528
9713
9675
9658
9909
9696
10057
9740
9799
9777
9608
9909
9823
9818
9718
9685
9628
9838
9861
9738
9978
9890
9955
9837
9834
9985
9797
9620
9776
9504
9642
9876
9817
9711
9580
9972
9715
9907
9912
9647
9645
9808
9797
9620
9811
9819
9910
9746
9929
9754
9821
9821
9691
9865
9709
9591
9858
9962
9667
9805
9971
9752
9765
9926
9808
9890
9950
9713
9899
9962
9689
9683
9735
9673
9597
9607
9708
9927
9725
9586
9709
9709
9874
9603
9866
9669
9684
10040
9691
9680
9830
9712
9831
9760
9723
9726
9812
9593
9872
9720
9958
9778
9688
9767
9779
9706
9777
9669
10009
9983
9812
9781
9705
9994
9715
9695
9794
9799
9697
9810
9658
9824
9862
9737
9832
9821
9788
9740
9830
9804
9907
10014
9880
9684
10068
9530
9909
9887
10039
9728
9834
9693
9780
9757
9773
9705
9913
10037
9869
9790
9834
9488
9670
9639
9786
9753
9720
9785
9901
9971
9749
9549
9800
9720
9797
9553
9812
9724
9903
9760
9733
9886
9885
9927
10015
9822
9850
9889
9756
10053
9554
9635
9856
9852
9925
9867
9702
9741
9768
9875
9718
9896
9914
9752
9701
9846
9594
9747
9623
9913
9982
9750
9712
9871
9857
9961
9741
9799
9749
9694
9646
9623
9823
9921
9645
9671
9837
9935
9914
9729
9789
9833
9573
9765
9918
9528
9801
9706
9845
9881
9767
9724
9715
10098
9880
9763
9615
9690
9790
9735
9510
9865
9591
9806
9402
9782
9834
9785
9729
9518
9567
9840
9729
9711
9722
9735
9897
9773
9713
9893
9630
9642
9803
9814
9558
9868
9715
9692
9680
9814
9777
9788
9741
9825
9692
9741
9686
9847
9742
9871
9773
9674
9732
9798
9690
9839
9617
9646
9494
9839
9593
9881
9842
9565
9735
9604
9864
9873
9781
9783
9860
9792
9944
9938
9722
9596
9713
9864
9831
9844
9625
9684
9690
9881
9662
9662
9728
9857
9561
9664
9663
9748
9819
10100
9574
10036
9849
9758
9975
9820
9928
9799
9963
9818
9924
9670
9804
9610
9846
9901
9892
9668
9883
9701
9917
9543
9815
10038
9690
9877
9959
9999
9824
9686
9865
9578
9912
9634
9926
9963
9916
9926
9734
9641
9908
9813
9833
9892
9750
9745
9878
9708
9691
9728
9954
9836
9618
9739
9657
9625
9496
9614
9610
9819
9665
9512
9707
9659
9766
9999
9903
9717
9667
9801
9723
9833
9862
9641
9651
9644
9741
9715
9719
9836
9844
9816
9742
9924
9717
9819
9705
9675
9579
9743
9926
9760
9566
9843
9925
9572
9763
9749
9832
9706
9915
9816
9783
9687
9912
9676
9672
9846
9930
9664
9727
9766
9768
9749
9802
9874
9858
9758
9776
9836
9983
9785
9633
9839
9868
9670
9834
9533
9630
9711
9894
9939
9714
9918
9915
9748
9927
9743
9726
9938
9739
9815
9780
9610
9895
10015
9829
9803
9720
9877
9710
9624
9730
9824
9770
9639
9819
9844
9727
9664
9878
10008
9827
9765
9856
9781
9875
9717
9595
9901
9653
9657
9902
9714
9639
9674
9733
9901
9651
9698
9539
9829
9730
9685
9642
9837
9593
9521
9769
9688
9708
9872
9634
10034
9720
9581
9868
9654
9606
9638
9684
9896
9836
9705
9760
9546
9596
9709
9632
9744
9634
9810
9747
9854
9855
9729
9587
9877
9892
9789
9755
9820
9868
9821
9703
9533
9796
9844
9638
9790
9580
9747
9755
9616
9714
9674
9847
9775
9723
9720
9825
9868
9639
9668
9755
9770
9727
9647
9805
9671
9920
9669
9699
9736
9997
9658
9740
9848
9770
9750
9706
9739
9725
9686
9702
9682
9675
9720
9631
9874
9900
9732
9601
9750
9774
9661
9792
9640
9769
9766
9768
9709
9875
9930
9501
9723
9869
9694
9702
9957
9558
10111
9866
9890
9706
9858
9871
9635
9696
9778
9754
10044
9941
9871
9835
9906
9908
9811
9764
9621
9791
9652
9880
9765
9711
9596
9914
9946
9981
9941
9596
9870
9640
9837
9725
9622
9775
9726
9699
9673
9910
9857
9777
9696
9996
9873
9672
9897
9924
9886
9821
9842
9868
9813
9821
9953
9932
9850
9892
9854
9850
9694
9717
9583
9651
9694
9681
9914
9758
9936
9774
9794
9856
9761
9794
9786
9736
10036
9948
9618
9833
9791
9938
9887
9874
9668
9670
9854
9828
9805
9736
9613
9648
9645
9743
9625
9698
9867
9861
9752
9909
9839
9555
9807
9745
9832
9850
9980
9610
9822
9971
9735
9817
10039
9841
9925
9814
9689
9768
9830
9693
9874
9786
9727
9867
9878
9736
9918
9647
9636
9791
9755
9944
9766
9649
9840
9782
9887
9658
9747
9827
9868
9665
9693
10019
9835
9823
9817
9816
9847
9655
9848
9693
9814
9852
9751
9627
9664
9767
9779
9609
9654
9811
9627
9825
9838
9653
9800
9671
9841
9924
9692
9719
9602
9569
9663
9800
9646
9899
9710
9714
9647
9658
9625
9912
9773
9974
9743
9752
9626
9577
9625
9759
9909
9760
9743
9611
9995
9858
9818
9804
10027
9969
9847
9885
9738
9759
9693
9576
9654
9730
9661
9809
9873
9682
9806
9637
9530
9752
9880
9709
9829
9693
9811
9727
9772
9772
9701
9876
9885
10095
9772
9841
9842
9673
9762
9907
9792
9786
9551
9747
9805
9664
9694
9511
9777
9721
9847
9805
9812
9674
9592
9828
9807
9913
9923
9862
9698
9619
9678
9804
9745
9817
9654
9818
9785
9759
9624
9833
9884
9691
9690
9874
9641
9682
9861
9604
9739
9669
9883
9644
9824
9772
9941
9812
9771
9763
9716
9988
9724
9880
10005
9661
9882
9826
9690
9699
9869
9824
9697
9753
9796
9722
9870
10018
9756
9721
9777
10057
9571
9777
9634
9711
9737
9823
9781
9975
9856
9846
9761
9671
9784
9829
9950
9847
9903
9869
9687
9701
9742
9617
9697
9625
9754
9791
9979
9743
9833
9849
9612
9508
9801
9850
9860
9821
9761
9670
9979
9848
9804
9801
9680
9688
9663
9737
9756
9876
9828
9875
9756
9930
9899
9974
9824
9781
9770
9771
9834
9734
9682
9894
9650
9917
9740
9831
9511
9700
9607
9861
9743
9738
9732
9762
9784
9894
9795
9654
9763
9794
9593
9714
9617
9817
9721
9765
9606
9576
9648
9652
9747
9836
9817
9616
9884
9783
9707
9838
9948
9878
9931
9821
9761
9755
9514
9691
9747
9845
10002
9656
9769
9858
9848
9795
9880
9625
9623
9966
9735
9728
9637
9711
9844
9584
9667
9873
10056
9629
9852
9644
9513
9763
9782
9843
9866
9974
9840
9767
9859
9700
9658
9638
9577
9702
9761
9780
9644
9739
9752
9746
9722
9682
9687
9891
9722
9881
9849
9790
9909
9713
9717
9841
9871
9767
9669
9739
9785
9642
9840
9621
9870
9709
9668
9704
9810
9692
10023
9841
10006
9462
9844
9621
9673
9675
9415
9898
9960
9819
9698
9803
9833
9496
9793
9903
10060
9895
9887
9768
9643
9754
9764
9751
9912
9628
9906
9777
9777
9657
9779
9701
9858
9879
9755
9809
9837
9817
9792
9718
9701
9706
9672
9759
9782
9687
9722
9739
9828
9707
9711
9859
9899
9824
9820
9792
9845
9798
10126
9695
9815
9978
9840
9965
9993
9898
9894
9644
9676
9627
9665
9480
9866
9823
9886
9622
9812
9680
9835
9932
9740
9722
9854
9627
9843
9765
9824
9792
9707
9934
9867
9797
9750
9802
9781
9568
9620
9740
9843
10036
9937
9922
9778
9879
9798
9909
9494
9745
9633
9697
9770
9855
9843
9829
9705
9758
9910
9796
9731
9725
9885
9780
9675
9620
9998
9787
9972
9954
9830
9896
9925
9537
9564
9717
9616
9857
9888
9746
9749
9811
9576
9807
9689
9927
9886
9935
9747
9910
9923
9822
9713
9898
9808
9945
9790
9632
9731
9680
9931
9638
9800
9846
9674
9703
9825
9835
9798
9737
9714
9786
9806
9762
9916
9786
9830
9852
9730
9662
9674
9915
9749
9629
9885
9818
9890
9897
9815
9805
9986
9797
9773
9822
9742
9722
9771
9890
9769
9816
9950
9850
9801
9921
9769
9679
9704
9696
9992
9774
9744
9748
9733
9994
9595
9730
9670
9735
9825
9870
9804
9739
9640
9573
9727
9603
9802
9784
9829
9758
9701
9814
9676
9753
9848
9762
9862
9905
9766
9416
9957
9805
9753
9595
9732
9634
9750
9655
9799
9642
9700
9740
9696
9809
9807
9727
9769
9605
9648
9823
9859
9745
9719
9736
9824
9722
9660
9797
9793
9790
9838
9685
9724
9877
9923
9839
9809
9611
9819
9839
9816
9785
9596
9669
9787
9822
9892
9789
9886
9770
9574
9635
9850
9878
9774
9902
9830
9804
9795
9879
9799
9698
9799
9847
9690
9764
9809
9758
9880
9832
9631
9870
9640
9843
9741
9718
9830
9581
9804
9739
10048
9776
9735
9682
9810
9601
9924
10012
9965
9842
9722
9582
9858
9815
9985
9971
9747
9967
9882
9821
9682
9811
9641
9694
9717
9699
9699
9742
9823
9978
9714
9811
9810
9746
9799
9837
9752
9811
9821
9644
9993
9621
9930
9718
9827
9826
9664
9640
9972
9785
9731
9684
9801
9646
9868
9523
9855
9806
9871
9903
9886
9801
9751
9839
9717
9854
9930
9637
9957
9715
9861
9826
9738
9624
9820
9585
9827
9880
9707
9686
9871
9786
9724
9886
9633
9524
9594
9793
9815
9820
9887
9859
9689
9567
9697
9770
9900
9884
9766
9840
9763
9774
9924
9838
9863
9665
9737
9631
9668
9942
9822
9758
9680
9736
10020
9610
9623
9873
9689
9627
9617
9727
9839
9768
9752
9705
9685
9743
9832
9803
9801
9748
9925
9855
9705
9932
9877
9964
9664
9883
9612
9932
9685
9720
9570
9709
9839
9757
9877
9781
9783
9760
9710
9653
9722
9693
9736
9893
9767
9805
9632
9775
9732
9662
9776
9794
9870
9922
9675
9818
9616
9573
9861
9706
9641
9796
9815
9900
9750
9758
9751
9914
9792
9667
9829
9705
9753
9488
9802
9886
9830
9626
9894
9738
9755
9713
9718
9774
9706
9757
9855
9744
9905
9744
9728
9829
9662
9648
9865
9732
9695
9882
9756
9778
9882
9773
9624
9728
9768
9558
9674
9841
9617
9510
9806
9793
9668
9667
9850
9748
9786
9684
9610
9813
9755
9805
9875
9801
9660
9758
9761
9916
9618
9905
9835
9804
9692
9578
9677
9664
9876
9628
9772
10060
9656
9812
9799
9797
9782
9744
9802
9875
9929
9673
9865
9710
9786
9875
9825
9657
9814
9760
9770
9650
9842
9700
9772
9688
9948
9768
9733
9961
9760
9545
10042
9851
9584
9609
9787
10030
9905
9738
9803
9531
9763
9840
9790
9932
9774
9744
9814
9950
9829
9706
9830
9997
9872
9785
9766
9892
9774
9551
9665
9797
9895
9872
9568
9659
9673
9754
9653
9725
9848
9752
9761
9785
9724
9709
9669
9621
9634
9810
9858
9516
9578
9690
9756
9656
9746
9878
9820
9843
9718
9902
9783
9793
9599
9773
10000
9772
9707
9820
9883
9731
9777
9903
9683
9653
9704
9798
9816
9899
9949
9662
9668
9840
9808
9785
9584
9850
9681
9795
9606
9728
9939
9822
9622
9719
9946
9745
9687
9813
9683
9676
9799
9595
9855
9885
9799
9740
9737
10089
9637
9673
9632
10011
9853
9866
9647
9751
9689
9819
9808
9792
9838
9706
9891
9916
9713
9718
9712
10013
9612
9809
9662
9819
9865
10069
9831
9549
9832
9550
9895
9741
9735
9810
9638
9911
9785
9734
9596
9827
9993
9978
9659
9608
9768
9808
9940
9638
9797
9826
9783
9671
9683
9671
9990
9794
9715
9681
9837
9613
9762
9732
9719
9653
9731
9889
9720
9683
9663
9635
9850
9844
9737
9730
9805
9715
9918
9704
9621
9956
9839
9740
9762
9975
9803
9683
9809
9980
9736
9557
9731
9702
9912
9954
9722
9817
9813
9859
9890
9646
9704
9664
9696
9777
9952
9682
9677
9637
9722
9681
9748
9767
9783
9792
9704
9704
9949
9797
9909
9753
9674
9713
9789
9928
9933
9606
9820
9774
9869
9560
9673
9685
9535
9747
9746
10027
9919
9767
9713
9876
9844
10023
9769
9906
9559
9764
9806
9777
9817
9855
9718
9795
9840
9571
9662
9930
9775
9572
9819
9977
9689
9752
9808
9440
9784
9621
9779
9782
9774
9719
9898
9739
9761
9742
9800
9671
9820
9716
9759
9758
9695
9969
9846
9871
9818
9674
9689
9852
9649
9663
9864
9821
9803
9854
9705
9606
9850
9763
9734
9871
9737
9665
9901
9982
9774
9792
9846
9935
9683
10054
9757
9826
9712
9648
9699
9723
10103
9652
9901
9754
9731
9709
9583
9789
9834
9820
9718
9607
9690
9677
9906
9879
9852
9711
9713
9857
9895
9937
9834
9782
9863
9877
9726
9801
9630
9828
9719
9797
9759
9832
9787
9763
9631
9821
9653
9866
9837
9592
9808
9893
9770
9839
9751
9797
9806
10003
9855
9771
9942
9970
9652
9729
9880
9893
9940
9785
9691
9906
9655
9687
9607
9743
9719
9753
9839
9505
9628
9850
9911
9723
9566
9850
9866
9733
9612
9844
9808
9712
9552
9909
9740
9640
9755
9893
9788
9996
9633
9835
9584
9590
9849
9754
9846
9689
9778
9756
9595
9703
9826
9813
9812
9715
9705
9695
9701
9948
9804
9587
9837
9720
9802
9910
9947
9865
9646
9826
9920
9707
9753
9701
9677
10060
9761
9849
9814
9645
9834
9828
9867
9793
9664
9660
9788
9703
9808
9900
9871
9657
9993
9831
9735
9540
9676
9827
9958
9861
9887
9886
9694
9914
9671
9569
9614
9686
9583
9780
9656
9810
9772
9789
9827
9688
9825
9761
9843
9932
9573
9648
9782
9653
9802
9909
9756
9920
9698
9826
9836
9703
9766
9873
9817
9791
9891
9903
9776
9893
9604
9839
9852
9829
9758
9683
9682
9791
9844
9847
9629
9623
9828
9860
9650
9792
9745
10049
9775
9931
9908
9827
9812
9629
9586
9816
9713
9620
9756
9647
9619
9773
9663
9827
9869
10123
9755
9644
9632
9770
9880
9752
9714
9783
9897
9641
9811
10007
9773
9670
9688
9664
9678
9814
9868
9826
9821
9501
9848
9579
9695
9673
9800
9811
9871
9849
9790
9797
9717
9751
9867
9684
10006
9716
9799
9799
9548
9776
9898
9749
9644
9860
9711
9711
9734
9641
9738
9799
9753
9617
9685
9917
9810
9884
9778
9651
9875
9759
9967
9865
9584
9864
9770
9737
9648
9819
9603
9954
9877
9698
9708
9769
9774
9819
9523
9705
9850
9934
9701
10046
9841
9770
9628
9926
9849
9646
9627
9803
9673
9685
9734
9650
9770
10038
9764
9889
9782
9678
9870
9670
9746
9661
9893
9645
9705
9833
9595
9610
9908
10035
9692
9915
9694
9650
9788
9923
9870
9770
9778
9978
9885
9931
9784
9628
9756
9848
9972
9793
9880
9881
9768
9682
9811
9684
9966
9721
9739
9554
9669
9868
9657
10008
9657
9866
9791
10012
9788
9787
9862
9593
9792
9900
9891
9656
9733
9850
9544
9603
9816
9721
9735
9918
9825
9724
9761
9750
9958
9732
9725
9765
9751
9836
9722
9777
9909
9796
9897
9585
9852
9653
9784
9798
9767
9776
9912
9612
9822
9743
9859
9779
9754
9667
9697
9883
9876
9987
9888
9612
9718
9808
9781
9693
9762
9761
9927
9662
9641
9559
9854
9624
9706
9616
9685
9799
9769
9748
9730
9693
9579
9801
9809
9793
9848
9742
9943
9726
9745
9600
9829
9803
9649
9633
9651
9758
9948
9813
9580
9708
9784
9762
9975
9862
9574
9753
9607
9809
9548
9928
9639
9749
9582
9568
9755
9937
9717
9725
9948
9717
9855
9795
9777
9652
9724
9803
9795
9810
9640
9921
9705
9721
9707
9805
9634
9780
9899
9776
9619
9855
9838
9843
9811
9813
9859
9874
9736
9967
9512
9773
9805
9574
10021
10014
9609
9805
9801
9755
9769
9684
9905
9787
9773
9692
9956
9814
9563
9755
9692
9518
9721
9863
9695
9487
9813
9946
9596
9834
9637
9858
9741
9574
9920
9796
9822
9851
9707
9739
9800
9883
9737
9788
9721
9744
9909
9819
9848
9826
9592
9877
9781
9644
9813
9679
9880
9782
9840
9926
9857
9819
9686
9725
9869
9916
9784
9784
9725
9891
9859
9736
9765
9876
9606
9781
10001
9794
9860
9657
9985
9786
9658
9825
9891
9740
9767
9800
9801
9822
9802
9755
9844
9570
9737
9857
9867
9887
10066
9760
9706
10051
9746
9693
9697
9789
9738
9767
9781
9850
9832
9797
9775
9848
9852
9913
9698
9690
9808
9835
9776
9748
9962
9723
9832
9976
9837
9803
9558
9701
9736
9892
9669
9669
9850
9907
9868
9678
9965
9672
9717
9768
9545
9856
9882
9623
9731
9743
9928
10065
9625
9751
9704
10036
9619
9667
9755
9720
9790
9729
9620
9700
9961
9703
9789
9742
9796
9846
9826
9816
9872
9776
9774
9771
9748
9731
9564
9889
9825
9756
9577
9916
9754
9859
9982
9651
9658
9455
9733
9851
9700
9772
9828
9889
9780
9978
9822
9869
9660
9712
9702
9816
9993
9721
9705
9950
9782
9620
9710
9917
9706
9878
9703
9676
9744
9661
9615
9762
9570
9876
9847
9845
9808
9774
9672
10009
9653
9668
9704
9800
9756
9737
9641
9870
9747
9561
9892
9996
9672
10096
9760
9803
9757
9828
9700
9643
9846
9685
9919
9877
9851
9850
9719
9877
9665
9905
9580
9747
9698
9878
9855
9995
9717
9738
9791
9955
9740
9744
9616
9615
9811
9982
9886
9753
9605
9919
9837
9671
9591
9785
9792
9683
9721
9914
9627
9754
9730
10021
9608
9709
9669
9731
9629
9919
9846
9882
9724
9857
9751
10047
9714
9732
9821
9878
9865
9792
9748
9637
9714
9738
9806
9633
9809
9932
9813
9938
9900
9659
9845
9893
9601
9705
9796
9868
9872
9868
9875
9773
9708
9713
9750
9687
9704
9874
9764
9930
9502
9922
9697
9972
9491
9756
9706
9907
9830
9877
9623
9835
9895
9697
9787
9853
9827
9659
9706
9807
9964
9841
9742
9851
10011
9747
9673
9580
9658
9749
9635
9816
9685
9909
9765
9712
9728
9667
9701
9817
9690
9841
9802
10023
9598
9815
9824
9767
9533
10119
9933
9848
9745
9693
9704
9561
9681
9655
9818
9811
9690
9818
9865
9754
9662
9707
9775
10003
9791
9554
9611
9673
9814
9917
9671
9866
9603
9882
9724
9670
9767
9966
9596
9592
9680
9801
9690
9667
9679
9849
9780
9777
9780
9582
9713
9775
9941
9732
9758
9755
9701
9786
9832
9809
9608
9872
9722
9941
9911
9811
9772
9778
9777
9779
9881
9724
9914
9836
9890
9849
9658
9808
9724
9781
9913
9634
9840
10014
9877
9875
9798
9841
9774
9825
9711
9707
9686
9890
9721
9839
9618
9872
9716
9760
9519
9799
9608
9871
9855
9791
9895
9656
9736
9680
10103
9819
9614
9588
9763
9670
9660
9804
9637
9651
9703
9863
9742
9845
9794
9726
9707
9804
9647
9901
9767
9667
9757
9841
9862
9882
10035
9840
9752
9760
9827
9687
9954
9864
9768
9840
9685
9868
9942
9804
9821
9596
9706
9873
9726
9857
9907
9780
9542
9977
9774
9538
9713
9749
9999
9727
9561
9758
9780
9717
9771
9735
9659
9847
9996
9796
9793
9651
9715
9778
9802
9997
9720
9737
9725
9910
9926
9770
9865
9630
9669
9571
9647
9843
9822
9636
9894
9848
9690
9719
9881
9572
9810
9817
9951
9865
9638
9687
9847
9783
9749
9856
9818
9664
9780
9719
9905
9854
9677
9804
10155
9696
9853
9815
9893
9608
9829
9818
9734
9560
9848
9776
9773
9728
9857
9955
9845
9731
9764
9678
9801
9892
9843
9726
9819
9975
9872
9791
9739
9681
10063
9755
9730
9782
9743
9867
9951
9782
9864
9746
9875
9875
9654
9580
9750
9777
9769
9611
9765
9912
9776
9666
9891
10073
9722
9845
9758
9650
9764
9711
9838
9834
9781
9796
9720
9798
9915
9730
9748
9790
9794
9655
9743
9743
9760
9777
9629
9609
9563
9650
9772
9769
9873
9898
9723
9788
9761
9706
9609
9737
9621
9738
9724
9851
9813
9919
9680
9710
9610
9804
9694
9743
9438
9718
9689
9785
9838
9642
9766
9771
9869
9731
9681
9847
9799
9806
9606
9659
9599
9730
9743
9884
9565
9963
9758
9921
9894
9847
9684
9727
9664
9914
9652
9845
9847
9692
10033
9871
10021
10055
9745
9632
9781
9639
9742
9879
9857
9862
9907
9821
9578
10007
9769
9734
9729
9779
9744
9612
9751
9821
9809
9828
9875
9729
9753
9589
9612
9683
9939
9612
9791
9833
9641
9616
9585
9953
9723
9686
9741
9844
9713
9726
9669
9648
9907
9728
9903
9657
9703
9743
9795
9790
9875
9923
9777
9822
9783
9839
9619
9762
9931
9588
9865
9852
9737
9783
9842
9665
9707
9802
9539
9693
9835
9707
9668
9868
9798
9674
9861
9800
9784
9592
9590
9807
9611
9732
9785
9756
9832
9895
9915
9790
9769
9751
9679
9756
9702
9670
9893
9834
9714
9760
9914
9691
9738
9705
9620
9755
9759
9483
9667
9718
9481
9675
9724
9829
9794
9844
9837
9882
9863
9810
9850
9651
9793
9879
9799
10011
9664
9841
9722
9577
9706
9723
9710
9663
9763
9995
9567
9707
9925
9669
9865
9620
9627
9811
10029
9561
9875
10033
9599
9627
10003
9649
9796
9864
9684
9763
9745
9686
9854
10006
9695
9789
9755
9791
9831
9805
9642
9929
9931
9835
9809
9803
9904
9860
9659
9612
9981
9697
9976
9563
9822
9691
9889
9620
9699
9730
9786
9759
9730
9696
9768
9764
9769
9581
9523
9635
9728
9729
9564
9734
9580
9803
9554
9771
9737
9847
9897
9622
9906
9764
9948
9935
9813
9762
9702
9817
9725
9744
9657
9860
9629
9678
9709
9681
9945
9680
9794
9784
9772
9608
9717
9671
9887
9988
9809
9893
9913
9802
9868
9617
9759
9637
9838
9593
9708
9748
9622
9949
9503
9650
9812
9822
9799
10049
9788
9806
9648
9723
9840
9838
9754
9882
9769
9828
9576
9901
9809
9850
9642
9784
9764
9877
9758
9777
9755
9771
9655
9842
9871
9782
9983
9694
9796
9693
9577
9608
9729
9693
9564
9698
9964
9748
9947
9639
9794
9806
9647
9764
9757
9589
9819
9701
9845
9806
9710
9590
9614
9795
9910
9807
9778
9929
9744
9758
9995
9558
9495
9610
9942
9659
9825
9666
9673
9756
9882
9748
9798
9658
9858
9704
9756
9766
9756
9865
9616
9869
9860
9801
9803
9822
9648
9751
9757
9690
9889
9835
9788
9736
9831
9835
9649
9833
9824
9733
9657
9561
9824
9873
9643
9812
9680
9788
9733
9785
9836
9690
9779
9789
10034
9668
9731
9874
9808
9786
9591
9827
9900
9967
9778
9919
9774
9629
9659
9587
9632
9754
9650
9666
9545
9722
9838
9894
9765
9692
9689
9607
9710
9818
9766
9850
9780
9848
9816
9787
9775
9954
9760
9846
9554
9918
9814
9717
9618
9782
9885
9706
9979
9706
9628
9797
9700
9809
9799
9825
9769
9821
9714
9852
9648
9598
9883
9616
9708
9671
9942
10026
9847
9752
9843
9931
9739
9821
9669
9639
9519
9839
9758
9765
9675
9643
9698
9883
9678
9839
9736
9725
9625
9738
9945
9600
9755
9740
9860
9857
9682
9642
9869
9877
9916
9845
9734
9907
9807
9819
9988
9771
9779
9674
9857
9884
9648
9759
9705
9883
9620
9570
9674
9651
9677
9814
9912
9966
9651
9871
9652
9727
9793
9635
9894
9832
9635
9681
9821
9726
9658
9878
9597
9588
9817
9765
9695
9674
9833
9979
9644
9771
9829
9780
9852
9600
9784
9920
9653
9863
9551
9756
9807
9701
9894
9834
9786
9789
9768
9834
9664
9789
9738
9855
9813
9756
9788
9720
10086
9836
9789
9749
9720
9728
9792
9631
9859
9706
9808
9940
9561
9726
9785
9721
9843
9722
9751
9604
9759
9750
9562
9853
9751
9852
9678
9671
9662
9955
9712
9802
9983
9873
9699
9925
9675
9797
9827
9884
9906
9824
9767
9892
9678
9655
9804
9806
9716
9684
9648
9651
9629
9731
9571
9849
9876
9881
9713
9705
9718
9877
9827
9702
9762
9775
9854
9666
9732
9712
9540
9970
9802
9808
9884
9773
9947
9674
9786
9754
9683
9914
9836
9927
9764
9764
9780
9741
9857
9798
9983
9801
9813
9671
9746
9861
9948
9667
9864
9784
9874
9841
9821
9805
9458
9959
9750
9690
9830
9768
9754
9809
9723
9946
9783
9882
9961
9655
9698
9875
9894
9943
9786
9726
9892
9682
9881
9750
9791
9855
9786
9754
9692
9701
9782
9885
9736
9569
9740
9661
9953
9720
9763
9835
9690
9833
9727
9839
9481
9653
9873
9652
9666
9614
9645
9716
9730
9634
9664
9786
9734
9998
9692
9576
9741
9883
9934
9492
9671
9953
9835
9917
9623
9732
9581
9771
9659
9736
9744
9691
9805
9751
9560
9562
9891
9821
9556
9816
9924
9808
9661
9656
9971
9677
9991
9857
9898
9567
9669
9874
9792
9775
9858
9567
9562
9852
9787
9686
9858
9644
9819
9718
9647
9655
9703
9703
9807
9701
9714
9862
10050
9612
9743
9676
9906
9742
9780
9756
9823
9866
9615
9685
9825
9661
9931
9584
9781
10029
9626
9820
9633
9848
9885
9760
9791
9651
9735
9968
9720
9700
9912
9766
9752
9741
9671
9712
9577
9927
10015
9686
9808
9621
9744
9728
9834
9801
9573
9786
9787
9728
9834
9693
9752
9737
9890
9622
9644
9734
9900
9867
9753
9863
9824
9713
9543
9540
9898
9633
9658
9740
9559
9552
9620
9804
9834
9806
9942
9652
9630
9758
9657
9726
9953
9733
9853
9627
9945
9783
9663
9824
9829
9547
9711
9866
9757
9634
9620
9921
9769
9766
9824
9882
9685
9915
9858
9787
9677
9920
9787
9663
9731
9613
9773
9948
9815
9773
9671
9640
9708
9704
10022
9898
9829
9751
9937
9638
9708
9737
9827
9627
9621
9741
9750
9729
9821
9886
9829
9660
9778
9573
9762
9924
9741
9793
9926
9749
9782
9639
9792
9790
9665
9709
9759
9878
9649
9560
9648
9928
9647
9618
9756
9827
9793
9835
9659
9815
9832
9521
9646
9693
9624
9751
9803
9954
9839
9863
9595
9591
9637
9840
9828
9698
9642
9946
9852
9754
9589
9683
9817
9807
9774
9688
9752
9667
9696
9687
9721
9823
9749
9716
9813
9806
9863
9882
9614
9802
9699
9894
9613
9615
9944
9777
9650
9879
9829
9960
9785
9824
9654
9584
9851
9885
9656
9774
9780
9647
9858
9750
9832
9803
9773
9696
9638
9713
9867
9747
9892
9466
9797
9747
9698
9794
9994
9874
9861
9757
9666
9883
9888
9911
9708
9852
9840
9775
9727
9747
9679
10019
9806
9554
10090
9698
9821
9720
9824
9655
9631
9755
9708
9738
9678
9744
9715
9755
9674
9646
9842
9582
9852
9814
9865
9598
9594
9733
9787
9667
9812
9846
9622
9596
9747
9817
9791
9968
9760
9554
9798
9887
9907
9579
9679
9921
9883
9867
9671
9893
9747
9611
9719
9687
9670
9818
9599
9649
9659
9739
9478
9757
9667
10018
9593
9852
9789
9739
9696
9858
9793
9713
9868
10125
9772
9741
9617
9792
9613
9844
9719
9777
9942
9976
9860
9879
9861
9603
9753
9780
9939
9751
9691
9590
9655
10156
9749
9626
9926
9967
9605
9847
10034
9896
9571
9764
9836
9867
9737
10069
9819
9758
9788
9836
9683
9661
9634
9779
9612
9564
9831
9726
9862
9701
9889
9800
9709
9810
9847
9878
10048
9854
9617
9709
9755
9875
9885
9823
9603
9841
9749
9873
9752
9869
9734
9831
9675
9770
9929
9831
9813
9872
9885
9576
9684
9609
9712
9723
9853
9518
9942
9614
9834
10015
9867
9850
9853
9965
9710
9759
9797
9864
9764
9959
9833
9975
9828
9940
9901
9749
9803
9601
9735
9668
9791
9794
9854
9859
9762
9778
9790
9690
9986
9491
9890
9841
9900
9616
9698
9865
9619
9929
9918
9681
9807
9716
9641
9489
9875
9788
9785
9758
9778
9683
9813
9775
9704
10035
9845
9763
9836
9852
9615
9762
9700
9886
9585
9727
9849
9829
9752
9634
9682
9813
9780
9797
9813
9697
9645
9837
9777
9756
9736
9754
9855
9679
9636
9905
9952
9737
9717
9854
9685
9793
9802
9748
9614
9843
9789
9741
9607
9987
9763
9665
9586
10125
9631
9798
10019
9742
9629
9842
9793
9840
9678
9739
9709
9623
9553
9762
9884
9795
9814
9791
9933
9698
9765
9782
9794
9691
9639
9802
9758
9716
9639
9729
9732
9684
9602
9692
9784
9770
9740
9993
9641
9774
9787
9744
9687
9797
9640
9669
9788
9874
9591
9679
9757
9866
9753
9758
9877
9738
9958
9645
9776
9866
9724
9929
9701
9736
9827
9732
9775
9704
9570
9941
9678
9845
9824
9843
9735
9630
9848
9903
9792
9901
9708
9863
9979
9759
9707
9751
9771
9653
9718
9763
9872
9761
9535
9728
9858
9644
9831
9723
9751
9704
9690
9824
9610
9857
9666
9900
9703
9773
9852
9889
9910
9943
9702
9913
9608
9685
9896
9872
9777
9552
9745
9867
9884
9774
9670
9720
9626
9777
9787
9658
9618
9826
9834
9614
9593
9861
9621
9805
9781
9950
9490
9727
9807
9580
9682
9853
9730
9756
9721
9762
9789
9829
9688
9812
9757
9743
9745
9760
9782
9786
9834
9646
9921
9829
9793
9641
9546
9603
9768
9697
9684
9820
9843
9755
9684
9704
9695
9650
9882
9633
9698
9857
9725
9892
9629
9660
9787
9777
9885
9835
9792
9662
9867
9682
9810
9724
9627
9803
9720
9786
9578
9940
9777
9723
9827
9804
9697
9612
9746
9878
9658
9748
9918
9712
9776
9603
9748
9914
9949
9884
9863
9929
9828
9665
9693
9845
9750
9796
9699
9740
9728
9804
9748
9703
9933
9602
9844
9717
9758
9585
9787
9697
9728
9734
9671
9891
9578
9844
9885
9898
9754
9748
9644
9621
9888
9767
9670
9605
9850
9757
9910
9603
9987
9970
9968
9825
9887
9653
9669
9786
9787
9669
9778
9546
9715
9700
9939
9905
9695
9655
9903
9719
9871
9781
9812
9853
9716
9710
9662
9777
9807
9681
9575
9736
9701
9972
9769
9848
9862
9832
9650
9842
9867
9671
9741
9749
9726
9999
9802
9854
9744
9868
9781
9720
9659
9807
9698
9984
9768
9716
9862
9791
9652
9715
9601
9877
9751
9932
9755
9830
9970
9880
9724
9737
9630
9859
9887
9549
9637
9916
9749
9625
9668
9748
9858
9920
9943
9825
9863
9593
9930
9912
9673
9766
9799
9552
9763
9664
9619
9702
9795
9902
9725
9879
9732
9831
9793
9844
9956
9640
9717
9755
9662
9661
9567
9610
9755
9837
9899
9899
9796
9752
9975
9612
9737
9681
9637
9783
9718
9580
9725
9761
9873
9756
10084
9759
9833
9910
9781
9584
9714
9823
9801
9872
9971
9787
9718
9834
9681
9548
9783
9724
9777
9879
9854
9643
9925
9785
9626
9986
9900
9546
9701
9825
9721
9786
9879
9842
9625
9778
9940
9796
9872
9845
9766
9691
9813
9668
9829
9803
9590
9878
9622
10038
9776
9646
9923
9657
9669
9824
9819
9844
9781
9735
9830
9707
9777
9712
9886
9729
9763
9825
9766
9752
9764
9773
9735
9897
9863
9751
9640
9650
9785
9769
9759
9650
9993
9988
9765
9808
9680
9822
9668
9776
9745
9927
9576
10068
9749
9769
9655
9644
9987
9679
9742
9577
9630
9710
9829
9721
9945
9839
9811
9803
9862
9777
9765
9748
9720
9919
9852
9715
9661
9886
9786
9683
9763
9724
9715
9719
10010
9609
9738
9670
9659
9838
9760
9806
9627
9777
9930
9587
10079
9575
9556
9882
9778
9727
9877
9931
9602
9699
9683
9823
9781
9657
9662
9670
9521
9845
9853
9742
9825
9801
9738
9766
9616
9740
9845
9864
9930
9777
9733
9739
9693
9831
9723
9962
9746
9825
9762
9827
9682
9822
9666
9890
9607
9872
9866
9830
9658
9929
9704
9738
9702
9739
9701
9820
9972
9835
9736
9782
9580
9695
9661
9725
9985
9901
9804
9773
9661
9737
9760
9729
9639
9791
9545
9745
9856
9750
9693
9757
9682
9883
9773
9727
9783
9666
9878
9700
9551
9845
9648
9728
9620
9613
9668
9560
9963
9824
9756
9876
9883
9905
9887
9786
9870
9893
9727
9993
9748
9701
9819
9731
9692
9964
9846
9653
10036
9705
9649
9712
10017
9579
9620
9801
9737
9645
9807
9877
9849
9713
9734
9683
9796
9825
9630
9932
9580
9684
9719
9805
9886
9750
9559
9749
9762
9661
9835
9819
9676
9848
9849
9683
9815
9724
9773
9841
9820
9668
9807
9761
9915
9786
9838
9819
9544
9708
9715
9857
9922
9873
9761
9730
9826
9787
9906
9680
9819
9974
9639
9646
9801
9864
9955
9790
9643
9780
9815
9869
9759
9640
9727
9640
9925
9968
9693
9789
9721
9709
9752
9800
9879
9918
9828
9876
9786
9717
9950
9743
9618
9690
9579
9627
9667
9647
9822
9891
9708
9743
9953
9898
9626
9729
9732
9751
9744
9700
9880
9757
9890
9924
9676
9830
9726
9738
9585
9638
9816
9475
9745
9891
10123
9930
9960
9806
9890
9890
9636
9903
10008
9987
9829
9871
9590
10083
9614
9764
9701
9641
9830
9653
9825
9729
9738
9710
9742
9841
9759
9755
9592
9658
9576
9791
9777
9757
9859
9766
9721
9799
9827
9664
9697
9604
9621
9718
9750
9538
9871
9636
9632
9658
9678
9908
9760
9885
9735
9586
9881
9916
9794
9563
9741
9878
9704
9693
9696
9721
9825
9806
9503
9801
9783
9895
9625
9868
9688
9768
9799
9577
9629
9794
9718
9769
9936
9819
9737
9715
9679
9678
9962
9719
9792
9740
9891
9662
9552
9707
9658
9681
9825
9726
9789
9785
9757
9844
9964
9757
9914
9510
9791
9720
9808
9906
9840
9524
9769
9902
9781
9855
9857
9779
9763
9735
9762
9885
9768
9880
9878
9907
9651
9475
9743
9679
9723
9893
9465
9801
9822
9571
9861
9614
9840
9681
9688
9978
9766
9687
9765
9593
9708
9821
9695
9823
9745
9742
9942
9964
9662
9937
9800
9874
9878
9739
9820
9615
9830
9771
9888
9765
9898
9562
9977
9946
9694
9700
9649
9712
9795
9573
9914
9707
9778
9849
9834
9716
9896
9773
9848
9946
9608
9754
9616
9824
9709
9910
9744
9732
9795
9835
9841
9685
9768
9654
9806
9867
9832
9588
9836
9881
9690
9780
9704
9699
9711
9971
9779
9894
9866
9896
9781
9930
9719
9779
9906
9687
9777
9829
9906
9853
9671
9837
9709
9747
9766
9988
9859
9852
9780
9845
9649
9813
9738
9766
9636
9983
9780
9604
9800
9723
9994
9925
9697
9669
9875
9928
9750
9769
9499
9714
9793
9717
9790
9672
9839
9781
9718
9720
9842
9778
9593
9557
9733
9671
9836
9615
9870
9763
9847
9724
9867
9656
9681
9621
9780
9759
9728
9612
9731
9830
9702
9708
9749
9703
9790
9822
9670
9903
9783
9698
9885
9676
9760
9918
9821
9777
9642
9806
9794
9825
9898
9715
9632
9647
9820
9776
9758
9624
9837
9736
9863
9732
9899
9677
9749
9620
9760
9821
9782
9670
9811
9819
9684
9851
9938
9743
9829
9462
9939
9871
9583
9755
9659
9691
9704
9721
9858
9718
9747
9730
9673
9616
9629
9802
9560
9747
9721
9799
9531
9804
9807
9581
10025
9931
9645
9802
9823
9871
9791
9695
9858
9861
9698
9743
9616
9733
9890
9592
9784
9930
9904
9628
10024
9439
9747
9910
9816
9730
9851
9512
9819
9802
9758
9610
9884
9770
9805
10060
9833
9933
9711
9872
9899
9741
9713
9630
9624
9815
9655
9803
9691
9943
9685
9840
9614
9691
9743
9974
9813
9714
9579
9717
9641
9723
9952
9625
9675
9592
9695
9835
9621
9783
9760
9721
9838
9723
9712
9777
9737
9828
9905
9938
9725
9726
9784
9619
9703
9729
9708
9860
9706
9561
9708
9825
9847
9444
9879
9655
9693
9686
9889
9756
9650
9848
9742
9679
9771
9764
9760
9768
9672
9682
9797
9807
9732
9765
9729
9737
9804
9899
9776
9747
9827
9668
9598
9592
9792
9792
9735
9731
9616
9729
9915
9765
9628
9736
9859
9657
9811
9679
9709
9742
9786
9863
9790
9938
9600
9555
9748
9800
9740
9729
9884
9838
9678
9748
9790
9876
9892
9849
9880
9793
9666
9823
9861
9778
9564
9782
9824
9791
9921
9552
9738
9883
9719
9706
9707
9962
9615
9836
9930
9920
9798
9752
9771
9691
9761
9643
9539
9894
9749
9815
9903
9762
9725
9672
9634
9740
9640
9921
9960
9796
9934
9617
9680
9926
9855
9948
9743
9860
9624
9754
9798
9814
9720
9634
9712
9978
9736
9879
9628
9679
9862
9957
9757
9855
9545
9732
9640
9867
9690
9811
9917
9774
9658
9777
9724
9889
9898
9926
9850
9756
9822
9752
9627
9741
9783
9617
9759
9880
9828
9810
9607
9776
9717
9727
9840
9676
9755
9785
9570
9651
9915
9578
9777
9557
9968
9674
9502
9826
9753
9635
9689
9868
9869
9926
9846
9854
9861
9951
9679
9815
9859
9685
10000
9746
9733
9856
9823
9629
9796
9831
9771
9788
9812
9436
9756
9897
9678
9739
9749
9815
9914
9951
9540
9843
9583
9866
9780
9584
9589
9756
9670
9717
9764
9844
9829
9925
9715
9809
9903
9922
9739
9698
9650
9655
9683
9742
9688
9803
9760
9800
9754
9773
9759
9743
9694
9702
9725
9734
9804
9643
9764
9767
9712
9642
9493
9612
10113
9699
9770
9832
9892
9939
9753
9807
9640
9841
9726
9678
9715
9707
9754
9803
9925
9844
9776
9823
9668
9737
9877
9926
9803
9668
9910
9948
9839
9973
9685
9630
9675
9908
9705
9768
9763
9824
9778
9865
9557
9779
9756
9778
9785
9764
9687
9681
9728
9754
9873
9798
9803
9858
9671
9861
9734
9670
9837
9819
9888
9758
9741
9847
9679
9967
9795
9745
9808
9568
9695
10023
9812
9854
9928
9659
9699
9741
9640
9907
9856
9680
9898
9687
9511
9782
9751
9813
9780
9750
9861
10036
9799
9809
9732
9756
9774
9746
9802
9720
9896
9939
9734
9750
9783
9673
9915
9810
9746
9726
9835
9819
9910
9884
9823
9802
9672
9869
9670
9867
9835
9883
9944
9801
9915
9657
9714
9745
9650
9800
9890
9673
9781
9958
9800
9919
9877
9918
9821
9953
9743
10066
9836
9622
9825
9764
9814
9848
9633
9719
9650
9857
9493
9621
10037
9719
10065
9775
9772
9872
9735
9922
9804
9752
9823
9733
9759
9806
9699
9628
9523
9839
10017
9684
9743
9724
9695
9769
9779
9669
10031
9632
9682
9829
9831
9707
9673
9597
9590
9869
9710
9731
9785
9842
9748
9734
9772
9860
9726
9756
9685
9794
9899
9757
9753
9777
9862
9867
9700
9742
9807
9694
9800
9732
9642
9812
9907
9789
9827
9705
9690
9831
9716
9746
9955
9869
9628
9905
9562
9757
9840
9697
9735
9850
9644
9869
9637
9765
9741
9856
9780
9891
9925
9623
9662
9814
9832
9870
9813
9945
9924
9756
10003
9775
9913
9772
9613
9767
9791
9655
9745
9768
9739
9701
9814
9915
9769
9848
9891
9731
9638
9745
9734
9801
9835
9709
9689
9767
9834
9829
9634
9779
9830
9595
9609
9736
9789
9600
9898
9658
9727
9743
9602
9631
9540
9838
9929
9593
9772
9876
9629
9616
9750
9678
9810
9673
9823
9850
9927
9895
9811
10043
9698
9695
9620
9791
9584
9767
9737
9761
9560
9956
9776
9717
9801
9706
9963
9652
9833
9695
9682
9820
9775
9810
9795
9714
10014
9658
9642
9835
9896
9943
9904
9609
9785
9792
9953
9886
9653
9709
9671
9797
9704
9705
9874
9862
9870
9717
9759
9787
9693
9849
9772
9780
9997
9798
9563
9898
9714
9715
9966
9865
9854
9630
9723
9632
9699
9697
9859
9848
9694
9773
9623
9799
9774
9774
9949
9676
9841
9747
9655
9774
9598
9683
9647
9948
9878
9876
9676
10150
9869
9657
9722
9521
9908
9621
9926
10023
9723
9731
9648
9884
9682
9921
9630
9791
9711
9700
9604
9769
9764
9846
9678
9754
9753
9623
9791
9742
9681
9519
9738
9796
9654
9888
9662
9710
9952
9864
9661
9729
9815
9890
9812
9687
9566
9808
9955
9686
9889
9555
9796
9854
9654
9759
9699
9852
9731
9708
9665
9867
9742
9702
9606
9636
9623
9844
9922
9673
9802
9687
9559
9804
9992
9594
9877
9886
9688
9819
9783
9841
9853
9755
9864
9698
9774
9668
9816
9774
9785
10002
9780
9951
10089
9840
9748
9771
9845
9871
9763
9769
9937
9872
9771
9988
9794
9726
9830
9720
9826
9626
9636
9844
9847
9671
9610
9768
9692
9427
9881
9661
9702
9901
9806
9785
9924
9727
9641
9787
9735
9892
9691
9821
9727
9547
9854
9726
9617
9739
9914
9699
9884
9714
9864
9693
9725
9629
9735
9956
9744
9573
9701
9630
9654
9764
9686
9762
9817
9849
10003
9814
9743
9884
9866
9871
9853
9766
9766
9705
9729
9966
9646
9738
9666
9699
9990
9631
9817
10002
9952
9852
9766
9731
9943
9712
9917
9842
9696
9769
10021
9934
9669
9534
9785
9769
9602
9668
9967
9993
9719
10038
9934
9722
9883
9670
9901
9444
9914
9829
9827
9750
9816
9788
9750
9722
9634
9640
9848
9871
9821
9809
9649
9821
9716
9891
9745
9663
9797
9663
9805
9672
9835
9800
9725
9751
9673
10020
9800
9747
9798
9780
9789
9756
9665
9666
9837
9771
9659
9889
9708
9578
9743
9819
9737
10073
9668
9576
9797
9889
9862
9844
9657
9651
9675
9801
9742
9780
9639
9608
9774
9685
9704
9734
9832
9787
9773
9857
9754
9663
9770
9821
9762
9515
9792
9833
9669
9741
9744
9715
9941
9781
9701
9788
9592
9677
9727
9661
9825
9850
9941
9754
9849
9674
9819
10053
9803
9550
9882
9803
9851
9913
10053
9783
9868
9773
9685
9810
9916
9616
9643
9768
9731
9843
9965
9688
9816
9704
9770
9637
9656
9720
9707
9808
9866
9658
9737
9958
9963
9674
9790
9992
9781
9637
10086
9921
9800
9872
9936
9926
9828
9754
9721
9526
9839
10200
9908
9668
9933
9580
9814
9963
9597
9815
9881
9895
9769
9723
9835
9673
9711
9658
9742
9645
9891
9797
9801
9825
9911
9596
9733
9914
9602
9703
9698
9842
9538
9833
9973
9706
9650
9737
9697
9881
9522
9696
9999
9787
9724
9842
9649
9690
9768
9605
9602
9823
9738
9882
9437
9654
9928
9808
9704
9851
9809
9765
9926
9686
9830
9609
9734
9680
9616
9643
9887
9612
9804
9822
9713
9783
9613
9748
9789
9811
9792
9930
9861
9870
9900
9740
9614
9668
9711
9943
9791
9730
9833
9794
9654
9943
9761
9731
9723
9860
9692
9941
9696
9689
9773
9757
9764
9734
9751
9841
9943
9747
10001
9767
9902
9927
9828
9749
9844
9720
9704
10065
9779
9883
9765
10050
9762
9753
9828
9945
9813
9665
9913
9941
9819
9703
9787
9781
9902
9757
9765
9604
9619
9684
9845
9592
9721
9918
9838
9963
9885
9615
9854
9778
9637
9639
9966
9627
9536
9680
9686
9933
9771
9510
9869
9806
9671
9685
9973
9733
9924
9741
9841
9572
9516
9685
9828
9889
9655
9842
9702
9808
9761
9878
9827
10031
9846
9846
9812
9654
9833
9913
9958
9661
9908
9744
9623
9762
9718
9525
9636
9654
10008
9779
9667
9714
9913
9671
9615
9935
9927
9651
9888
9663
9713
10031
9793
9829
9758
9702
9593
9653
9881
9601
9707
9535
9766
9868
9867
9887
9755
9685
9879
9785
9756
9968
9907
10009
9812
9656
9686
9772
9677
9662
9797
9779
9774
9684
9750
9827
9724
9657
9816
9714
9888
9837
9772
9645
9980
9651
9637
9848
9760
9751
9704
9737
9765
9534
9671
9580
9681
9720
9858
9599
9904
9673
9717
9942
9723
9834
9648
9834
9705
9837
9588
9793
9722
9750
9646
9919
9810
9815
9511
9531
10018
9722
9676
9705
9952
9844
9676
9906
9756
9505
9803
9698
9914
9740
9849
9859
9658
9764
9790
9575
9773
9650
9603
9920
9795
9921
9870
9939
9681
9805
9643
9849
9950
9714
9772
9724
9787
9826
9760
9742
9679
9681
9685
9719
9795
9793
9745
9677
9737
9764
9605
9793
9811
9736
9721
9772
9666
9795
9729
9659
9692
9928
9684
9706
9548
9713
9797
9752
9834
9844
9630
9781
9475
9706
9768
9879
9795
9800
9776
9769
9726
9885
9844
9791
9716
9736
9661
9742
9809
9866
9791
9803
9613
9732
9687
9857
9765
9830
9785
9778
9600
9907
9630
9781
9717
9719
9779
9675
9743
9855
9838
9752
9756
9751
9631
9728
9824
9695
9747
9711
10021
9831
9632
9894
9844
9682
9804
9677
9874
9718
9683
9793
9666
9810
9601
9920
9789
9773
9767
9869
9544
9802
9759
9811
9939
9737
9999
9584
9685
9841
9998
9998
9848
9722
9693
9855
9679
9561
9969
9662
9637
9767
9833
9772
9802
9831
9708
9706
9862
9788
9665
9741
9681
9708
9936
9820
9833
9897
9735
9682
9802
9733
9643
9757
9789
9715
9617
9697
9973
9849
9662
9776
9900
9753
9894
9810
9619
9900
9890
9790
9828
9873
9905
9763
9723
9868
9751
9842
9619
9867
9697
9845
9849
9719
9873
9661
9807
9903
9773
9770
9888
9765
9778
9741
9705
9744
9813
9881
9556
9830
9560
9926
9616
9906
9761
9827
9604
9802
9863
9839
9779
9932
9719
9813
9706
9716
9555
9711
9810
9606
9860
9679
9966
9889
9910
9638
9983
9878
9725
9855
9749
9749
9925
9746
9751
9772
9892
9903
9849
9825
9871
9887
9818
9705
9822
9890
9851
9791
9759
9800
9732
9658
9624
9709
9889
9614
9763
9872
9755
9885
9680
9936
9663
9741
9781
9714
10005
9716
9689
9807
9830
9860
9644
9530
9763
9781
9661
9938
9836
9963
9741
9822
9706
9965
9674
9710
9743
9919
9660
9891
9690
10000
9690
9609
9844
9742
9903
9825
10020
9685
9777
9860
9814
9956
9761
9751
9684
9763
9788
9710
9805
9822
9861
9825
9751
9931
9802
9899
9695
9890
9759
9953
10046
9591
9953
9832
9915
9939
9905
9885
9679
9770
9839
9719
9822
10022
10063
9777
9764
9585
9615
9828
9881
9958
9910
9761
9489
9684
9542
9800
9736
9892
9882
9746
9772
9754
9680
9659
9848
9701
9574
9647
9943
9921
9674
9706
9907
9860
9932
9616
9881
9818
9784
9849
9655
9637
10039
9740
9876
9716
9723
9773
9811
9911
9929
9595
9758
9719
9911
9808
9871
9727
9803
9603
9803
9853
9720
10040
9865
9902
9796
9893
9664
9814
9798
9900
9793
9815
9687
9800
9814
9761
9858
9998
9631
9927
9771
9766
9858
10048
9767
9861
9920
10059
9813
9686
9837
9640
9671
9807
9773
9729
9653
9834
9660
9733
9728
9822
9772
9928
9990
9639
9835
9706
9707
9724
10046
9809
9734
9853
9842
9694
9673
9771
9746
9660
9820
9729
9900
9694
9791
9784
9824
9653
9699
9691
9647
9943
9803
9781
9785
9594
9857
9829
9629
9636
9688
9685
9910
9777
9635
9851
9803
9573
9842
9746
9741
9769
9725
9730
9641
9504
9627
9606
9564
9734
9672
9909
9791
9572
9728
9946
9659
9735
9837
9750
9746
9517
9671
9711
9898
9791
9657
9955
9788
9886
9737
10057
9787
9856
9858
9581
9684
9679
9692
9899
9706
9849
9711
9892
9701
9937
9718
9873
9750
9661
9672
9607
9973
9799
9645
9922
9762
9693
9676
9766
10043
9620
9695
9935
9889
9825
9602
9559
9487
9851
9826
9691
9900
9847
9650
9654
9591
9757
9903
9808
9785
9847
9699
9732
9737
9677
9854
9806
9815
9688
9729
9652
9924
9694
9638
9757
9945
9845
9749
9795
9732
9758
9762
9977
9643
9731
9761
9783
9934
9721
9808
9796
9871
9856
9783
9936
9784
9572
10024
9992
9944
9834
9722
9831
9632
9664
9807
9821
9792
9658
9790
9752
9747
9969
9744
9913
9738
9682
9855
9895
9757
9723
9860
9733
9918
10010
9731
9747
9923
9911
9632
9902
10006
9778
9695
9711
9909
9944
9862
9781
9744
9623
9737
9862
9912
9831
10022
10007
9838
9743
9547
9639
9905
9735
9707
9598
9791
9622
9861
9807
9862
9672
9863
9760
9760
9722
9779
9859
9871
9990
9635
9793
9822
9738
9723
9818
9620
9848
9873
9805
9753
9801
9672
9818
9853
9904
9669
9765
9988
9779
9776
9688
9664
9837
9758
9619
10016
9760
9628
9938
9706
9931
9724
9594
9763
9863
9734
9734
9871
9726
9954
9738
9925
9786
9792
9807
9815
9783
9877
9929
9776
9740
9752
9847
9855
9815
9680
9716
9843
9784
9843
9828
9698
9762
9812
9616
9962
9821
9708
9865
9706
9792
9813
9797
9770
9983
9689
10069
9797
9721
9737
9751
9816
9719
9816
9839
9766
9754
9884
9545
9789
9871
9858
9938
9769
9832
9825
9694
9858
9743
10014
9777
9650
9769
9807
9708
9718
9636
9774
9524
9750
9951
9690
9767
9585
9616
9931
9683
9755
9749
9910
9765
9931
9786
9610
9777
9685
9663
9918
9720
9649
9813
9515
9595
9791
9570
9813
9831
9699
9753
9731
9656
9816
9664
9822
9868
9887
9741
9802
9827
9728
9771
9795
9801
9680
9616
9840
9660
9762
9943
9710
9860
9745
9777
9838
9916
9750
9542
10002
9607
9717
9657
9830
9940
9609
9892
9891
9783
9406
9769
9756
9714
9902
9727
9800
9829
9750
9549
9901
9737
9867
9811
9853
9758
9815
9603
9874
9731
9763
9835
9760
9842
9779
10023
9621
9955
9956
9647
9742
9747
9791
9729
9863
9744
9697
9793
9726
9689
9772
9670
9661
9644
9678
9826
9798
9548
9606
9830
9786
9675
9526
9726
9764
9691
9888
9485
9959
9751
9932
9772
9625
9912
9701
9663
9937
9730
9643
9718
9581
9820
9793
9726
9744
9891
9845
9790
9889
9622
9789
9851
9755
9722
9961
9914
9603
9719
9691
10010
9552
9939
9812
10016
9642
9719
9904
9798
9738
9693
9671
9736
9864
9760
9720
9871
9776
9645
9817
9781
9737
9674
9628
9843
9791
9740
9578
9582
9717
9759
9935
9793
9824
9853
10006
9900
9751
9630
9805
9720
9757
9938
9623
9775
9782
9973
9729
9739
9739
9588
9800
9735
9774
9683
9714
9523
9695
9866
9669
9807
9670
9787
9633
9616
9610
9808
9762
9768
9776
9885
9827
9624
9624
9748
9951
9814
9801
9875
9555
9742
9832
9821
9809
9571
9847
9657
9695
9888
9773
9962
9886
9733
9935
9918
9838
9816
9942
9826
9860
9579
9962
9725
9818
10155
9790
9924
9736
9592
9788
9722
9747
9857
9719
9676
9775
9764
9840
9578
9815
9793
9860
9837
9954
9762
9754
9892
9645
9762
9693
9652
9744
9810
9645
9699
9695
9776
9715
9801
9806
9908
9831
9842
9897
10044
9756
9526
9833
9846
9797
9854
9667
9594
9852
9599
9933
9549
9750
9719
9808
9771
9831
9863
9868
9690
9786
9817
9875
9726
9694
9772
9735
9749
9879
9557
9651
9652
9683
9815
9788
9812
9722
9658
9789
9569
9860
9935
9828
9675
9790
9816
9656
9851
9807
9830
9834
9712
9821
9718
9815
9754
9873
9887
9766
9936
9963
9710
9935
9710
9741
9644
9734
9826
9575
9912
9791
9868
10052
9751
9904
9992
9740
9802
9577
9853
9662
9459
9708
9854
9674
9807
9757
9659
9711
9716
9738
9859
9740
9730
9647
9631
9573
9862
9918
9841
9561
9628
10006
9734
9722
9942
9963
9814
9934
9658
9822
9980
9679
9720
9794
9814
9741
9543
9840
9585
9785
9590
9883
9822
9913
9778
9638
10026
9851
9954
9677
9922
9749
9671
9776
9929
9620
9782
9815
9906
9628
9816
9766
9890
9871
9866
9868
9746
9902
9743
9808
9803
9674
10006
9781
9654
9839
9922
9702
9837
9870
9865
9851
9849
9802
9734
9730
9745
9644
9651
9972
9854
9851
9786
9860
9798
9808
9746
9591
9854
9765
9785
9783
9711
9916
9697
9560
9672
9796
9891
9694
9872
9815
9573
9873
9689
9949
9795
9826
9774
9874
9700
9762
9808
9869
9817
9807
9764
9761
9833
9793
9654
9815
9608
9706
10023
9778
9590
9763
9479
9776
9770
9738
9800
9771
9800
9792
9941
9843
9783
9629
9824
9786
9823
9779
9765
9743
9502
9676
9820
9877
9754
9527
9694
9739
9790
9822
9764
9692
9917
9742
9706
9727
9701
9753
9764
9601
9768
9647
9777
9938
9651
9648
9804
9754
9762
9741
9639
9750
9731
9932
9730
9859
9766
9662
9707
9618
9863
9727
9634
10024
9672
9661
9757
9784
9708
9848
9907
9917
9698
9728
9674
9666
9728
9926
9794
9667
9875
9768
9704
9622
9761
9745
9608
9786
9789
9718
9723
9736
9742
9852
9827
9836
9738
9829
9745
9609
9849
9963
9805
9904
9809
9830
9609
9597
9702
9708
10087
9885
9444
9829
9825
9866
9638
9649
9866
9924
9757
9718
9831
9893
9604
9788
9844
9620
9733
9731
9987
9856
9931
9635
9864
9821
9560
9682
9912
9847
9927
9926
9722
9792
9874
9790
9876
9677
9464
9759
9882
9756
9815
9601
9874
9676
9838
9834
9664
9861
9986
9796
9582
9945
9647
9867
9962
9895
9754
9921
9808
9826
9980
9564
9920
9659
9690
9982
9839
9728
9886
9976
9616
9648
9728
9850
9721
9710
9699
9659
9769
9883
9654
9650
9703
9843
9792
9920
9903
9838
9793
9885
9755
9884
9959
9848
9890
9950
9841
9718
9774
10003
9643
9749
9794
9546
9751
9778
9626
9710
9864
9694
9823
9779
9891
9682
9857
9763
9844
9688
9768
9691
9651
9849
9552
9838
9621
9731
9718
9717
9926
9751
9794
9782
9656
9724
9784
9723
9759
9816
9720
9864
9749
9789
9672
9753
9821
9819
9736
9808
9677
9886
9693
9722
9667
9700
9841
9794
9714
9665
9799
9800
9662
9713
9629
9858
9674
9806
9831
9493
9830
9696
9534
9840
9871
9858
9798
9628
9565
9665
9848
9606
9677
9709
9756
9499
9688
9716
9936
9763
9653
9728
9853
9767
9661
9742
9887
9692
9820
9906
9791
9734
9828
9769
9715
9708
9731
9721
9760
9843
9604
9674
9814
9771
9781
9787
9776
9694
9908
9654
9790
9807
9726
9921
9703
9618
9811
9736
9775
9767
9772
9709
9684
9668
9830
9765
9609
9571
9895
9872
9826
9773
9663
9872
9887
9827
9909
9631
10096
9866
9818
9597
9863
9563
9729
9640
9800
9786
9805
9762
9836
9744
9991
9705
9762
9848
9707
9986
9811
10086
9759
9627
9913
9823
9582
9676
9682
9842
9772
9848
9951
9621
9578
9655
10009
9792
9732
9642
9801
9840
9677
9728
9756
9804
9819
9649
9913
9716
9708
9797
9811
9698
9812
9662
9668
9772
9852
9766
9763
9888
9805
9704
9807
9710
9835
9673
9693
9645
9871
9736
9994
9765
9733
9957
9883
9804
9751
9753
9796
9905
9788
9838
9613
9830
9543
9830
9805
9683
9687
9823
9939
9733
9575
9645
9691
9708
9781
9989
9731
9703
9657
9698
9822
9870
9912
9763
10000
9823
9878
9810
9825
9961
9713
9796
9685
9715
9772
9941
9852
9606
