38292
37856
38574
38500
38121
38358
38264
38021
37784
38015
38205
38289
38234
38120
38008
38104
38151
38083
38566
38173
38123
38096
38120
37773
38401
37892
38141
38096
38159
38473
37843
37810
38050
38508
38000
38716
38245
38100
38355
38237
38034
37898
38463
38189
38441
38185
38391
38812
37910
37988
38203
38675
37938
38568
38484
37772
38162
38358
38389
38479
37977
38152
38601
38055
38123
38033
37941
38476
38230
38353
37989
37956
38067
37848
37736
38648
38288
38527
38205
38439
38486
38112
38132
38228
38104
38319
38070
38477
37760
38062
38411
38252
38506
38277
38639
38448
38682
37835
38200
37979
38329
38483
38427
38196
38012
38144
38490
38568
37977
38042
37875
38260
38140
38173
38398
38262
38235
38212
38148
38078
38110
38111
38506
37918
37758
37859
37782
38003
37820
38082
38008
38085
38294
38206
38336
38740
38139
38477
38036
38196
38491
38045
38188
38312
38155
38247
38235
38149
38274
38229
38370
37976
38210
38030
37913
38007
37963
37808
37952
38436
38299
38413
38143
38737
38408
38261
38169
38239
38142
37875
38105
37940
38339
38271
38288
38375
38232
38319
38023
38072
38406
38609
37972
38036
38116
38139
38391
38052
38623
37833
37984
38401
38291
38450
38256
38222
38330
37966
38541
38311
38193
38014
38457
37958
37659
38093
38111
38318
38338
37971
38188
38399
38551
38258
38052
38162
38037
38435
38262
38149
38107
37950
38370
38317
37906
38198
38162
37987
38231
38257
38262
38458
38909
38245
38169
38185
37844
38202
38168
37991
37535
37937
38147
38389
38037
38169
37968
37989
38241
38338
37840
38377
38346
38221
38096
38040
38469
38043
38254
38222
38393
37912
38057
38250
38097
38305
38244
38271
37945
38199
38222
37985
38288
38387
38071
37581
37621
38005
38048
38068
38263
38364
38277
37966
38237
38289
38711
38271
38067
38263
37956
38192
38200
38086
37966
38280
38206
38009
38001
38324
38153
38155
37890
38316
38388
37864
37956
38407
37678
37837
37996
37791
38131
37890
38494
37986
38044
37891
37670
38198
38232
38350
37951
37968
37873
38356
38391
38100
38600
38522
38334
38056
38315
38285
38475
37876
38013
37594
38347
38092
38107
38108
38091
38308
37857
38100
38198
38076
38229
38014
38211
38016
38127
38562
38572
38006
38625
38148
38428
38206
38012
38156
38205
38023
38178
38647
38034
38112
38036
38156
38101
38252
38115
38310
37868
37998
38409
38421
38205
38453
38263
38379
38230
38036
38138
38281
38095
38102
38092
38289
38161
38224
37970
38198
37992
38400
37945
38011
38447
38106
38040
38113
38564
38456
38059
38167
38261
38290
38210
38358
37873
38353
38326
38050
38089
38173
38618
38113
38376
38006
38127
38314
37863
38161
38348
38324
38586
38310
38087
37985
38209
37846
38462
38277
38225
38155
38206
38009
38564
38205
38345
37787
38535
37691
38243
38265
38610
37965
38339
37994
38052
38257
38096
37914
38441
38487
38034
37981
38218
37703
37840
38069
38345
38052
38021
38167
38405
38465
38579
37840
38364
38145
38159
37905
38268
38008
38450
38014
38369
38191
38308
38102
38381
38246
38259
38223
38086
38529
38059
38029
38184
38275
38134
38312
38036
38366
38333
38243
37873
38692
38065
38498
38206
38262
37981
38196
38117
38124
38380
38233
37837
38309
38049
38218
38052
38514
38029
38302
38239
37891
38285
38456
38245
38153
38264
38159
38644
38255
38125
38188
38020
38312
38398
37803
38075
38411
38210
38307
37995
38207
38130
38182
38241
38095
38318
37930
38408
38231
37818
38419
38055
38294
38033
38313
38293
38377
38284
37959
37958
38371
38481
37871
38202
37826
38274
38284
38116
38203
37972
38077
38055
38012
38065
38049
37791
38208
38075
38195
38088
38248
38090
38067
38085
38342
37996
37935
38346
38005
38306
37762
38006
38215
37959
38197
38045
37865
37591
38232
38237
38148
38301
37797
37996
37773
38098
38492
38356
38028
38441
38304
38428
38309
38188
37779
38002
38245
38526
38009
38117
38081
37956
38613
37989
38034
38148
38349
38056
37947
37982
37990
38214
39235
38019
38802
38423
38386
38138
38200
37796
38117
38509
38176
38481
37766
38046
37981
38107
38233
38316
38088
38479
38269
37951
38151
38339
38441
38146
38517
38395
38469
38526
38193
38067
37851
38468
37834
38299
38396
38529
38564
38064
38026
38297
38402
38244
38365
38014
38113
38503
38592
38151
37771
38805
38158
38016
38190
38261
38030
37952
38245
37852
38442
38065
37826
38116
38024
38042
38485
38202
38300
38152
38155
38351
38480
38350
38226
38060
37969
38084
38096
38198
38149
38153
38178
38215
38347
37908
38116
38039
38040
37822
38061
38106
38290
37815
38048
38594
38012
38175
38211
38389
38258
38259
38472
38007
38190
38341
38091
37958
38302
38864
38311
38508
38375
38142
38441
38317
38118
38334
38205
38193
38291
38066
38311
37817
37870
38528
38417
37895
37929
37764
38173
38174
38312
38058
38294
38127
37848
38273
38377
37807
38241
38227
38107
38150
37866
38063
38505
38194
38097
38411
38504
38077
38058
37996
38083
38147
38155
37931
38113
38016
37893
38310
38388
38174
37787
38232
38166
38181
37923
37766
38261
37979
38047
38498
38206
38070
37838
38288
38080
37921
38087
38102
38362
38256
38212
37969
38600
38087
37897
37935
38260
38032
38480
38081
38425
37852
38065
38375
38078
37836
37871
38154
38106
38318
37759
38410
37888
37906
38174
37707
37947
37835
38430
38103
38168
38570
37821
37681
38229
38290
38007
38118
38134
37971
38282
37969
37517
38443
38201
38079
38574
38123
38320
38166
37927
38193
37923
38570
38295
38436
38082
38447
38325
38120
37934
38142
38025
37995
38146
38200
37853
38345
38087
38048
38278
38619
37849
37774
38163
38226
38045
37947
38322
38135
37943
38239
38009
37952
38069
38228
38528
38416
38097
37811
38614
38112
38268
38410
38119
37822
37930
38058
37869
38297
38575
38121
38328
38399
38149
38244
38384
37892
38670
38291
38279
38394
38426
37989
38137
37950
38342
38166
38563
38308
38347
37894
38460
38197
38195
38316
38084
38226
38120
38197
38196
38177
38128
38298
38492
38219
38201
37891
38003
37841
38414
37957
37770
37999
38209
38143
38421
38486
38384
38169
38008
39025
38444
38101
38310
38323
38659
38062
38325
38363
37934
38169
38409
38345
38391
38385
38326
38227
38286
38274
37954
38058
38295
38038
38369
38042
38480
38055
37984
38496
38023
38039
38402
38115
38597
38257
38046
38407
38009
38237
38194
38202
37981
37911
38297
38336
38310
37939
38108
37958
38083
38113
37833
38359
37998
38136
38241
38031
38399
38026
38136
38208
38286
38335
38226
37873
38037
38440
38185
38262
38622
38450
38260
38321
37839
38163
38119
37844
38137
37996
38313
38370
38146
38205
38319
38082
37951
38040
38075
38586
38341
38051
38465
38175
38146
37879
37948
38180
38284
37804
38316
38601
38216
38380
38079
38161
38201
37884
38269
38080
38533
38216
38191
38096
37961
38378
38131
37867
37922
38150
37841
38139
38469
37924
38150
38000
38195
38301
38265
38150
37954
37811
38044
38161
37694
38055
38202
38122
37956
38145
37894
38054
38378
38324
38320
38351
37956
37799
37942
38073
38443
38129
37906
37842
38468
38021
38036
38323
38148
38310
38347
38228
38064
38205
37969
37744
37932
38356
37902
38633
38291
37894
38220
38030
37922
37914
38547
37973
38046
38128
37874
38045
38196
37896
38365
38255
38140
38372
38129
38427
38271
38024
38168
38436
37865
38479
37941
38074
38114
38137
38213
38301
38101
38125
38273
38397
38495
37885
38113
37900
38050
38442
37997
38212
38409
38502
38125
38406
38037
38371
38120
37983
38145
38090
37962
38305
38305
38156
37805
38373
38050
38000
38419
38119
37816
37946
38747
38246
38135
38057
38235
38200
38138
38213
38371
38347
38389
38370
38399
37905
38604
38289
38118
37848
38431
38325
38189
38163
38238
38316
38368
38526
37981
38134
38025
38414
38112
38243
38102
38187
38406
37838
38258
38586
38406
38196
38141
38289
38155
38086
38649
38255
38517
38265
38013
38199
38392
38111
38091
37948
38102
37947
38148
38177
38112
38473
37861
37960
38075
38306
38101
38463
37858
38135
38467
38341
37981
38047
37921
38182
38095
37960
38067
38240
38293
38048
38193
38322
38110
38558
38394
38374
38307
38124
38085
38166
37979
38203
37801
38691
38067
38085
37554
38285
38126
38310
38124
38417
38373
37981
38179
38118
38367
37901
37950
38050
38291
38067
37862
38607
38196
38363
37914
37964
38234
37899
38030
38300
38202
38073
38399
38168
38097
38043
38065
38350
38190
38280
38037
38156
37706
38070
37760
38170
38345
37971
38196
38416
38087
38277
38261
38170
38331
38229
38297
38464
37980
37752
38159
37582
37880
38606
38216
37995
38356
37664
38067
38085
38143
38579
38197
38504
38439
38184
38380
38033
37980
38008
38114
38053
38174
38186
38077
38223
38032
38158
38087
38161
37934
38360
38059
38027
38244
37986
38231
38018
38197
38211
38255
38033
38056
38420
38024
38085
38333
37869
38168
38226
38129
38407
38246
38131
38451
38583
38369
38176
38344
37853
38096
38113
37641
38481
38548
38066
38200
38248
38103
37997
38266
38426
38100
38590
38442
38182
38281
38241
38527
38040
38155
38178
38296
38185
38232
37856
38239
38066
38313
38471
38142
38431
37981
38287
38227
38405
38291
38000
37673
38220
38249
37983
38145
38163
38348
38098
38139
38542
38379
38286
38281
38122
38383
37956
38439
37878
38441
38763
38340
38585
38743
38477
38241
38055
37780
38010
37570
37997
38292
38412
38282
38092
38364
37897
38286
38096
38295
38167
38629
38186
38098
38375
38228
38168
38037
38217
38005
38262
37941
38203
38398
37987
38096
37981
38114
38463
38619
38151
38045
38094
38016
38520
37767
37832
38232
37907
37857
38030
38281
38269
37972
37983
38455
38205
38162
38369
38301
38469
37974
37908
38326
37973
38734
38495
38129
38383
38330
37884
37795
38043
37890
38128
38118
38021
38218
38310
37985
38125
38186
38546
38491
38269
38066
38301
38349
38407
38001
38670
38125
38507
38346
38276
37885
38075
38277
37981
38144
38144
37710
38108
38652
38261
37896
38081
38349
38099
38201
38129
38233
38296
38293
38228
38036
38315
37892
38328
38113
38174
38299
38198
38357
38463
38149
38207
38511
37914
38290
38202
38169
38334
38211
38180
38310
38209
38584
37957
38221
38155
37953
37945
38311
38113
38345
38127
38030
38028
38338
38358
37939
37972
37947
37974
38016
38427
38210
38015
38103
37875
38150
38101
38084
38148
38293
38025
37916
38134
38326
38116
38237
38387
38285
38284
38397
37845
38478
38167
38186
37983
38256
37877
38253
37905
38348
38019
37867
37806
37954
38207
38261
38187
37889
37872
38095
38037
38140
38149
38279
38271
38131
38063
37953
38309
38255
37961
38413
37934
37963
38432
38028
38161
38396
37766
37935
38458
38400
38357
38224
37991
38376
38195
38673
38247
38400
37855
38093
37999
38031
38353
38001
38098
38244
38254
38141
38337
38283
38129
37999
38266
38038
37921
38165
38127
38132
38140
38068
38658
38073
38203
38122
37906
38254
37765
38323
37891
38465
38328
38062
37969
38325
37830
38313
38554
38632
38226
38431
37918
38602
38744
38200
38435
38020
38174
38297
38110
37938
38306
38158
38005
38008
37744
38457
38311
38522
38545
38064
38421
38321
37986
37864
38331
38119
38179
38285
38101
38523
37930
38510
38101
38178
38026
37788
37732
38286
38203
38175
38045
38060
38000
38451
37601
38313
38132
38466
38201
38106
38270
38294
38197
38023
37724
38531
38161
38461
38048
38546
38409
38096
38032
38586
38302
38125
38029
38072
37925
38004
38451
38280
38158
38359
37949
37982
38149
37899
38345
38518
38128
37823
37930
38177
38416
38339
38385
38224
38303
38005
38332
38319
38363
38334
37670
37953
37803
38277
38123
38541
38050
38347
38401
38496
37965
37798
38544
38117
38094
37987
37837
38337
38242
38198
38089
38327
38387
38260
38044
37976
38302
38563
38496
38278
38216
37911
38267
37981
38503
37970
38357
38231
37925
38047
38038
38332
38202
38071
38403
38434
38235
37997
37953
38072
37956
38114
38222
38265
37967
37988
38232
38211
38208
38100
38231
38298
38734
38076
38059
38018
37756
38077
38031
38171
38242
38213
38403
38058
38450
38146
38063
37903
38257
38206
37948
38052
37822
38313
38238
38271
38062
38131
38056
38170
37955
38112
37812
37754
37990
38375
38184
38431
38176
38163
38311
38160
37888
38115
38019
38036
38376
38248
37979
38216
37823
37593
37969
37897
38035
38048
38620
37872
38050
38450
38466
37933
38239
37997
38306
38225
38106
37973
38375
38206
37916
38212
38223
38173
38295
38120
38185
37737
38520
38192
38229
38438
37838
38299
38068
38119
37848
38172
38673
38109
38129
38055
38177
38074
37802
38084
38142
38320
37877
38052
38214
38233
38396
38181
37767
38116
38125
38196
37599
38103
37927
38384
38094
38369
38117
38111
38341
38139
37981
38830
38014
38047
38107
38362
38252
38278
37961
38094
37804
37857
38125
38338
38202
38118
38079
37757
38438
38228
38381
38193
38129
38141
38139
37879
37876
38332
38095
38248
38087
37969
38051
37880
38180
38153
38049
37922
37828
38684
38132
37958
38090
38244
37979
38311
37831
38128
38443
38212
37869
38365
38289
38078
37992
38279
38062
38137
38177
37810
38529
38278
38220
37923
38106
38416
38112
38144
38184
38296
38312
38542
38251
38037
37924
38236
37851
38435
38453
38286
38040
37714
38410
38098
38137
37918
38254
37877
37935
37944
38146
38282
38072
37809
38204
38287
38246
38233
38131
37876
38209
38348
37905
38355
38175
38304
38145
38268
38829
38078
37862
38033
38717
37924
38562
38045
38444
38185
38111
38133
38373
38484
38016
38358
38551
37899
38183
38244
38425
38318
38120
38070
38519
38311
38416
38095
37898
38467
37956
38300
38517
38223
38066
38093
38145
38015
38221
37715
38122
38196
38678
38021
37803
38360
38292
38400
38003
37928
38282
38138
37955
38164
38229
38865
38380
38044
38020
38428
38004
37896
38293
38015
38032
38296
38360
38090
37968
37918
38149
37965
38171
38007
37988
37831
38134
38350
37923
37869
38554
38284
38161
38291
38495
38290
38004
38324
38376
38574
37659
38018
37838
38302
38472
38117
38602
38084
38084
38405
37967
37936
38153
38173
38407
38437
37915
37976
38341
38064
38431
38055
38126
38212
38220
38287
38218
38403
38104
38385
38248
38036
37924
38104
38318
38455
37992
38298
38084
38215
38157
38167
38242
37728
38029
38378
38516
38473
38465
38189
38207
38112
38692
38002
38175
38111
38105
37968
38109
38125
38203
38275
38220
38274
38036
38467
38354
38026
37943
38350
38443
38312
38126
38122
38076
38193
38010
38390
38147
38314
37954
38208
38253
38068
37944
38216
38121
38380
37913
38482
38081
37782
38326
38184
38256
38251
38204
37712
38140
38031
37911
38028
38285
38528
38366
37971
38227
38227
38102
38324
38253
38468
38434
38405
38361
38002
38503
38117
38554
38061
38339
38277
38135
38234
38189
38198
38192
38687
38081
38599
38077
38144
38071
37469
37925
38196
38276
38283
38264
38178
38066
38246
38601
38236
38234
38160
38356
38092
38281
38249
38172
37966
38290
37814
38137
38394
38057
38310
38208
38317
37949
38141
38162
37871
38375
38100
38269
38102
37993
38169
38447
38068
38362
38110
38183
38149
38549
38311
38111
38116
38773
38031
38209
38095
38126
38104
38200
38152
38210
38159
37885
38287
38105
38440
38199
38336
38132
38046
38296
38618
37955
38181
38324
38315
38196
37785
38228
38183
38118
37971
38587
38096
38119
37859
38135
38309
38529
37823
38208
38070
38325
38352
38030
38372
37995
38045
38209
37854
38119
37963
38313
38347
38265
38233
37858
38033
38553
38228
38274
38518
38311
38484
38347
38380
38282
38117
38168
38197
38192
38271
38011
38038
38442
38124
38469
37768
38030
38612
38128
38671
38070
38518
37755
38332
38038
38111
38465
38427
37962
38306
38047
38148
37864
37824
38220
38254
38232
38443
38232
38046
38268
38030
37999
37833
38047
38032
38307
37897
38325
38396
38097
38253
38041
38035
38166
38336
38413
38097
38088
38519
38104
38674
38196
38254
38277
38030
38098
38162
37786
38288
38233
38238
38519
38342
37984
37949
38167
37989
38145
38283
38647
38195
37817
37849
38338
38269
38160
37850
38036
38206
38582
38048
38394
38031
38239
38118
38222
38313
38350
38201
38219
37887
38212
37713
38075
38044
38183
37905
38049
37992
38252
38458
38443
38052
38237
37929
38097
38099
38179
37982
38414
38449
38307
38344
38331
38309
38292
38255
38085
37751
38110
38348
38242
38072
37913
38310
37792
38032
37783
37979
38220
38213
38511
38007
37945
38591
37942
38191
37896
38449
37791
38055
38261
37789
38136
38525
38182
38066
38030
38238
38062
37963
37885
38148
38130
38005
37992
38100
38304
38216
38117
38317
38231
38501
37784
38374
38020
37843
38447
38092
38177
37878
38311
38020
38164
38508
38305
38363
38099
38039
38268
37833
38266
38401
38350
38221
38505
38269
38284
37915
38683
38158
38121
38096
37953
37938
38113
37879
37947
38200
38512
38194
38024
38495
37691
38275
38317
37820
38104
38235
37861
38055
38463
37753
38147
38198
38236
38273
38034
38039
38009
38223
38551
38261
38074
38113
38236
38237
38906
38094
38070
38346
38543
38294
38345
38542
38155
38481
37895
38406
37982
38496
38069
38282
37794
38133
38320
38063
38373
38113
38382
37980
38382
38066
38567
38348
37818
38059
37939
38065
38092
38253
38474
38012
37369
38255
38155
38101
38144
38018
38209
38376
38388
38531
38065
38358
38152
37949
38023
37940
38301
38252
38369
38096
38061
38240
38043
38097
38020
38307
38125
38445
38279
38349
38273
38192
37935
37956
37957
37954
38078
37976
38401
38237
38088
38228
38201
38140
37989
38131
38172
38011
38001
38211
38092
38239
38062
38343
38047
37861
38111
38137
38093
37843
38221
38008
37963
37889
38264
38272
38155
38392
37933
37948
37720
38234
38263
38083
37905
38336
37998
38433
38382
37975
38000
38280
37818
38359
38469
37828
38138
38033
38171
37975
38367
37951
37861
37911
37875
38068
38117
38057
38120
38260
38218
37990
38292
38156
38181
37880
38096
38195
38241
37885
38582
38004
38465
38042
38159
37998
38028
38426
38265
38008
38327
38023
38309
38232
38435
38332
38247
38194
38190
38044
38264
38270
38192
38685
38438
37887
38435
38183
38055
37916
37864
38536
38127
38235
38384
38491
38150
37714
38196
38223
38004
38125
38170
37939
38265
37999
38333
37969
38067
38064
38422
38261
37792
38195
38082
38387
38100
37853
38179
38284
38263
38291
38205
38090
38243
38350
38086
38308
38087
37863
38394
38211
38156
38063
37902
38300
38279
38200
38377
38203
38205
38502
38142
38151
38145
38423
38110
38026
38340
38060
38193
38280
37826
38061
38214
38509
37829
38177
38264
38458
37929
38246
38208
38132
38404
38199
38342
38246
38279
38110
38031
38120
38045
38090
38351
38154
38565
38432
38305
38257
38213
38004
38270
38231
38360
38386
38238
38072
37965
38383
38119
38437
38190
38162
38132
38047
38183
38189
38035
38244
38319
38481
37801
38142
38448
37955
38001
37996
38124
37878
38451
38021
38281
38013
38297
38450
38033
38285
37769
37890
38016
37851
38390
38052
38093
38430
37962
38420
39070
37990
37930
38286
38467
37851
38105
38014
38255
38018
38017
38037
38149
38078
38275
38137
38169
38365
38150
38391
38067
38360
38090
37683
38437
37994
38154
38132
38536
38227
38017
37879
38146
38523
38199
38182
38108
37990
37869
37878
38299
38284
38203
38265
38076
37841
38041
38165
38116
38147
38041
38227
38192
38528
38239
38027
38456
38114
37958
38091
38401
37973
38252
38230
37800
37990
38264
38049
38275
37896
38110
38362
38446
38197
38133
38139
38390
38163
38172
38084
38430
38350
38236
37991
38176
37918
37964
38296
38359
37870
38659
37989
38275
37941
38286
37839
38238
38223
38260
38660
38263
38099
38165
38044
38410
38191
38331
37941
37998
37952
38271
38297
38332
37987
38018
37830
38682
38240
38183
37986
37878
38014
38181
38768
38416
38097
38155
38463
38025
37843
38079
38084
37830
38223
38323
37584
37968
38197
38562
38094
37982
37941
38233
37868
38551
38221
38348
37859
38285
38394
38590
38318
38075
37918
38303
38357
38306
37912
37961
38200
38159
38295
37873
38208
38382
38395
38131
38467
38123
38099
38449
37772
38283
37989
38052
38130
38338
38598
38163
37936
38073
38164
38033
38187
38365
37962
38359
37792
37969
38136
38408
37866
37873
37975
38645
38364
38183
38104
38124
38303
37988
38393
38617
38512
38339
37846
39122
38487
38391
38615
38670
38671
38109
37875
37912
37771
38144
38011
38086
38280
38298
38134
38225
38102
37764
38304
38598
37787
38101
38185
38416
38098
38237
38168
38151
38334
38520
38225
38133
37998
38207
38073
38000
38256
38057
38089
38074
38087
38220
38184
38235
38026
38176
38426
38619
37803
37965
38409
38076
38046
38574
37970
37929
37984
38189
38359
37827
38163
38343
37927
37948
38044
37849
37683
37881
37875
38278
38192
37869
38254
37905
38354
37788
38287
38319
37936
38065
38179
38078
38102
38065
38016
38242
38120
38706
38836
38174
38296
38528
37848
38184
38230
38134
38123
38239
37966
38113
38107
38313
38117
38178
38391
38024
38472
38061
38330
38485
38357
38014
38200
38118
38171
38079
38045
38237
38113
38105
38166
38123
38117
38033
38092
38204
38073
38396
38232
38276
38462
38254
38234
38085
38613
38238
38103
37900
38567
37928
37997
38315
37598
38203
38135
38171
38204
38036
38132
38038
37992
38273
38009
38193
37994
38113
37937
38466
38430
38421
38556
38304
37979
38172
38329
37981
38221
38505
38188
37913
37969
38058
38309
37982
38066
38089
37907
38564
37927
38257
38544
38074
37760
38443
38210
37786
38278
38167
38428
37914
37913
38200
38283
38211
38002
38377
37936
38212
38594
38218
38371
37835
38060
38174
38102
38131
38047
38058
38001
38176
38341
38160
38284
37987
38140
38089
38256
38289
38116
38164
38893
38053
38242
38084
38308
38129
38466
38125
38533
38208
38091
38556
38187
38177
38067
38195
38459
38053
38315
38134
38134
38115
38230
38538
38602
38348
38007
38298
38131
37794
38441
38209
38519
38038
38246
38028
37902
38120
38177
38485
38228
38464
38055
38089
38040
38393
37892
38009
38235
37948
38383
38132
38320
37815
38516
37972
38488
38196
38266
38397
38022
38022
38179
37964
38038
38332
38060
37916
38257
38009
37976
38154
38143
38216
38335
37970
38541
38386
38289
38234
38467
38086
38160
38021
38138
38553
38311
38242
38076
38244
38271
38116
38160
38148
38348
37880
37994
38212
37888
38033
37969
38059
38061
38146
37951
38066
38464
38374
38114
38456
38359
38121
37726
38322
38118
38325
38010
38010
38118
38336
38248
38163
37954
38558
38094
38378
37996
38214
38135
37872
37963
38023
38092
38231
38397
38062
38260
38405
37973
37997
37989
37759
37815
38201
38071
38445
38336
38575
38245
38202
38375
38381
37771
38262
37932
38143
38004
38193
38448
38245
38414
38280
37848
38435
38211
38106
37963
38014
38179
38468
38130
38388
38535
38026
37653
38398
38357
37743
38037
38341
37875
38281
37992
38465
38577
38241
38661
37793
38168
37937
38021
38129
38107
37724
37939
38315
37959
38106
37938
38165
38126
38125
37995
38216
38186
37873
38231
37924
38214
38119
38243
38157
38248
38021
38214
38110
38025
38491
38306
38276
38056
38336
38241
38179
38197
37709
38430
38157
38114
38204
38256
38157
37935
38128
38017
38032
38231
38258
38269
38090
38201
37890
38053
38027
38159
38352
37678
38004
38192
38220
38292
38139
38269
38580
38546
38543
38384
38185
38075
38160
38198
38168
38717
38217
38201
38176
38507
37998
37944
38230
37989
38354
38166
37421
38248
37692
37909
37899
38245
38160
37855
38157
37887
38436
38289
38262
38161
37746
38273
38339
38349
38551
38016
38435
38144
38132
38178
38052
37991
38322
38209
38271
37858
38220
37890
37960
38205
38043
37825
38299
38511
37803
38490
38689
38013
38311
38622
38010
37879
38328
37912
38124
38107
38196
38035
38392
38338
38314
38156
38037
38239
38087
38160
38440
38344
37868
38155
38155
38382
38126
37950
37969
38556
38142
38611
37902
38427
37928
38313
38131
38170
38438
38690
37977
38176
38036
38131
38235
38018
38086
37864
38456
38363
37943
37763
38116
37947
38011
37901
38299
37983
38127
38253
37995
38297
38115
38608
38329
38263
38242
37978
38638
38097
38159
37819
38126
37935
38253
38050
37970
38504
37812
38153
38148
38371
38029
38104
38372
38361
38181
38272
38357
38343
37843
38262
37943
38164
37943
38147
38020
38179
37914
37791
38137
37945
38231
38103
38123
38234
38641
38189
38203
38214
38095
38101
38446
38238
38285
38039
38296
38047
37994
38137
38202
38176
37871
37886
38164
38381
38460
37943
38351
37930
38097
38744
38213
38484
38203
38159
38161
37843
38082
38252
38248
38047
38059
38197
38347
38556
38031
38171
38098
37825
38368
38056
38154
38046
38002
38435
38211
38212
37920
38037
38439
38545
38282
38201
38035
38442
37977
38603
37717
37738
38149
38325
38080
38447
38105
38122
38242
38758
37993
38033
38121
38227
38141
37974
37817
38445
38453
38054
38290
38384
38117
38199
38301
38104
38079
38111
38006
38254
38178
38336
38023
38244
38380
38007
38236
38137
37730
38247
37839
38515
38380
37833
38146
38044
38183
38371
37969
38177
37658
38339
38080
38259
37735
38145
38343
38244
38045
37971
38358
38067
38544
38138
38348
38132
38042
37938
38033
38417
38233
38281
38008
37833
37783
38343
38280
37746
38016
38280
38168
38326
38305
38006
38422
37977
38421
38124
38289
37849
38209
38137
38099
37880
38264
38136
37986
37584
38342
38411
38081
38480
38240
38145
38357
38235
38232
38305
38271
38229
38242
38363
38298
37934
38156
38389
38030
38486
37983
38376
38425
38172
37639
38127
38374
38175
38263
38004
38102
37811
38335
38215
37945
38084
38013
37864
38378
38252
38471
38090
38141
37773
37985
38468
37915
38054
38005
38321
38165
37818
37719
38044
38500
38408
38311
38188
38439
38215
38089
38323
38176
38413
37872
38044
38349
37940
38073
38005
38167
38296
38311
37929
38134
37925
38282
38521
38304
38066
38182
37862
38036
38183
38205
38447
38182
38101
38170
38110
38222
37880
38297
37886
37893
38223
38275
38381
37960
38526
38741
38066
38147
38321
38190
38048
37840
38311
38726
37993
38328
38232
37737
38380
38100
38234
38543
38381
38197
38428
38248
38026
38219
37956
38308
38242
37926
38302
38069
38175
38198
38135
38286
38044
37988
38083
38061
38348
37889
38298
38848
38037
38137
37911
37827
38145
38268
38208
38168
38253
37996
37918
38318
38173
38184
38213
37893
37937
38372
38335
38074
38498
38128
38372
38576
37964
38418
38213
38336
38314
38230
38288
38463
38207
37988
38190
38475
38121
38274
37866
38014
38182
38209
38067
38134
38274
38244
38087
38191
38313
38226
38221
38033
37845
38071
38024
37924
38048
38177
37898
38642
38188
38208
37980
38305
38451
37914
38156
38375
38121
38288
38305
38173
38221
38139
38020
37789
38119
38551
38249
38513
38150
37866
38467
38305
38242
38259
37993
38408
38290
38321
38119
38018
37991
38463
37996
38028
38185
38185
38422
38430
37972
38429
38091
38213
38240
37785
37732
38059
38661
38599
38013
38050
38179
38212
38209
38181
38073
38203
38316
38202
38221
38033
37992
38325
38382
37641
37910
38204
38400
37965
38226
37948
38285
38336
37926
38299
37732
38026
38314
37928
37843
37936
37853
38249
38036
37893
37996
38069
37854
38337
38247
37864
37961
38385
38542
37884
37927
38570
38157
38335
38190
38047
37896
38071
38032
38177
38406
38285
38097
38048
37909
37796
38394
38216
38087
38768
38421
38433
37886
38058
38313
38198
38368
38233
38469
37982
38215
38321
38223
38039
37860
38081
37827
37931
38268
38349
38299
37998
38270
37993
38389
38188
38084
37955
38340
38081
38233
38216
38498
37814
38281
38127
38675
38011
38117
37832
38493
38576
37952
37831
38400
38187
38295
38064
38010
38786
37935
38173
38030
38062
38266
38281
38260
38025
37872
38315
38134
38127
38553
38080
38440
38282
37985
37902
38003
38908
38663
38086
38096
38146
37647
38077
38519
37802
37897
38181
37886
38089
38437
38112
37890
38066
38612
38092
38008
37997
38617
38385
38196
38527
38023
38022
37873
38075
38295
37795
38204
38055
37878
38200
38374
38244
38089
38041
38569
38200
38034
38218
38000
38051
38251
38332
38157
38208
38333
37916
38202
38348
38326
37769
38015
38227
38362
38084
38025
38126
38093
38216
38271
38125
38173
38585
37992
38101
38135
38550
38013
37948
38213
38016
38006
38331
38363
38167
38241
37990
37942
38178
38381
38472
38158
38345
38282
37845
38172
38539
38139
37998
38127
38201
37780
38159
38340
38400
37948
37724
38220
38072
38023
38362
38110
38241
38641
38201
38059
38040
38182
38184
38323
38334
38188
38224
38006
38011
38072
38193
38279
37923
38177
38061
38286
38105
38354
38276
38131
37946
38310
38482
37819
38195
38574
38416
38304
38442
37982
38177
38338
38479
37946
38004
38122
38303
38472
38248
37761
38046
38291
38036
38215
38148
37837
37926
37931
37886
38346
38377
38275
38103
38190
38626
38356
38430
38153
37984
38173
38392
38147
37894
38461
38003
38162
38003
38075
38620
38077
38110
38007
37732
38238
38050
38334
38129
38087
37828
38353
37877
38255
38401
37986
38023
37893
38110
38186
38328
38240
37756
38150
38027
38303
38130
38471
38311
38016
37984
37852
38220
38061
38361
37830
38150
38227
38225
38208
38076
37820
38485
38041
37725
38412
37970
38485
38049
38090
37842
38067
38333
38120
37881
37998
38174
37963
38350
38181
37950
38294
37864
38522
38338
38123
38010
38204
38118
38269
37931
37923
38047
38036
37895
38041
38261
38281
37921
38017
38020
37997
38257
38561
38071
38202
38398
38233
38559
37576
38208
38061
37895
38021
37965
38221
38098
38020
38071
37781
38252
37681
38364
37968
38618
37977
37983
38483
38256
38038
38419
38289
38192
38145
38318
38213
38161
37890
38159
37988
38300
37999
37816
38771
38395
38109
38299
38253
38325
38253
37972
38771
38140
37994
37902
37888
38558
38323
38266
38076
38650
37850
38192
38526
38251
38223
38374
38137
38048
38549
38465
38225
38067
38201
38161
38590
37913
38169
38117
37971
37654
38452
37875
38643
38070
38094
38274
38152
38257
38055
38336
38501
38325
37888
38324
37869
38390
38289
37998
38027
37934
38285
38404
38094
38050
38290
38297
37862
38372
38369
38049
38356
38248
38733
37940
37955
37900
38045
37864
38216
37760
37945
38077
38078
38426
38123
37984
38221
38613
38030
38369
37921
38454
37883
38480
38367
38515
38143
38179
38331
38295
37955
37888
38053
37926
38269
38074
38327
38320
38111
38143
38000
38148
38507
38027
38208
38341
38254
37783
38277
38393
37744
38363
38273
38028
38101
38120
38204
37739
38126
38172
38364
38066
38090
38009
38270
38172
38096
38433
38585
38384
38180
37972
38085
38216
38178
38177
38171
38138
38189
38230
38294
38005
37774
38072
38288
38169
38295
38073
37807
38475
38384
37944
37965
37864
38162
38075
37877
38484
38459
38429
37957
38399
38036
38260
38246
37973
38089
38062
38054
37990
38041
38387
38178
38049
37972
38531
37855
38239
38385
38289
38026
37945
38303
38129
37769
37924
38201
38122
38094
38201
38041
38294
38340
37789
38464
38065
38312
38180
38015
37822
38077
38248
38329
38085
37826
38010
38080
38103
38110
38147
38177
38267
38200
38309
38233
38272
38048
38051
37842
38186
37658
37713
38078
38491
37886
38179
38539
38470
38077
37951
38526
38118
38434
38049
38265
38533
38200
38281
38150
38035
38209
38108
38204
38176
37821
38119
38052
38114
38287
38447
38179
37996
38317
38483
38137
38145
38021
38143
38527
38057
38063
38124
38122
38070
38515
38186
38102
37948
37918
37879
38070
38046
38040
37975
38173
38264
38110
38120
37854
38368
38016
38211
38193
38299
38131
38127
38437
38528
37982
38018
37976
37759
38720
38321
38223
37841
38134
38353
38303
38499
37718
38058
38046
38223
38135
38253
38201
38525
38362
38109
37836
38175
37731
38353
38294
38356
37953
38026
38137
37820
37915
37855
38162
37916
38056
38267
38105
38388
38115
38144
37976
37904
38029
38148
38196
38017
38496
38122
37875
38299
38322
38233
38054
37899
38186
38056
38224
38286
38291
38523
37943
37839
37980
38161
38217
38113
38315
38246
38384
37935
38169
38125
38179
37942
38331
38309
38105
37840
38345
38114
38527
37746
38400
37784
38225
38302
38344
38370
38077
38004
38535
38129
38043
37969
37954
38343
38070
38066
38311
38110
38145
38065
38104
38524
38384
38457
38309
38345
38381
38247
38121
38125
38089
38352
38165
38291
37864
38078
37889
38305
38377
38022
37986
37999
38101
37996
38078
37981
38005
38077
38142
38256
38048
37973
38356
38379
37898
38284
37913
38252
38391
38231
38110
38120
38364
38151
38333
38110
38561
38561
38372
37956
38274
38148
37974
38221
38217
38145
37977
37950
37974
38021
38503
38767
38433
38056
37959
37957
38388
37990
38351
38296
38260
38251
38168
38163
38133
38101
37896
38078
38193
38436
37826
38235
38235
38475
37908
38161
38104
38146
38237
37982
37685
38448
38498
38317
37955
38035
38129
38280
38120
38057
38216
37973
38100
37820
38116
38155
38244
37916
38026
38356
38204
38533
38124
38344
38541
38289
38222
38103
38114
38193
38220
37792
38103
38308
38170
38084
38020
38269
38262
38574
38522
37951
38140
37974
38432
38286
38175
38107
38139
37862
38315
38148
38036
38272
38242
38346
37941
38178
38052
38307
38116
38624
38510
38317
38508
37861
38142
38128
37762
38221
38200
37991
38348
38088
38485
38104
38386
38028
37974
37968
38125
38154
38007
37903
38201
38121
38044
38036
38707
38293
37971
38256
38309
37894
38073
38200
38119
38588
38262
38116
37743
38043
37948
37903
38434
37612
38358
38349
38130
37771
38537
38119
37775
38441
38061
37854
37743
38190
38206
38234
38261
38699
38412
38146
38597
37984
38281
38252
38102
38105
38422
38022
38329
38368
37906
38497
37933
38299
38048
38033
38641
38016
37994
38078
38126
38394
38300
38110
38178
37938
38005
38377
38448
38283
38308
38217
38537
38085
38092
38262
38345
38394
38051
38024
37862
38391
38122
38418
37891
38319
38375
38226
38301
38212
37944
38309
37933
38089
38330
38320
37912
38575
38148
37951
38101
38272
38586
38227
38203
38119
38027
38267
38109
38165
38369
38166
38380
38109
38244
38038
38302
38284
38234
38285
38491
37871
38436
38451
38134
38118
38004
38159
38154
38139
38130
37976
38145
37975
38066
38231
38402
38086
38082
38109
38474
38025
38716
38103
37917
38131
37864
37984
38022
38209
38190
38051
38442
38269
37908
38308
38270
38510
37879
38119
38593
38087
38208
38213
38097
38049
38032
37765
38110
38171
37899
38284
38068
38196
38075
37903
38089
38338
38433
38195
38073
38438
38366
38091
38067
38436
38142
38653
38575
38244
38133
38169
38275
38386
37954
38015
37809
38347
38382
37956
38125
38195
37785
38027
37750
38066
38426
38102
38604
38059
37952
38010
37939
38474
37986
38207
37725
38296
38254
38194
38347
38110
38081
38049
38197
38134
38172
38251
38483
37895
38014
38238
38034
38219
37638
38083
37910
37739
38457
38209
38147
38474
38392
38253
38171
38351
38529
38056
37799
38449
37752
38158
38108
37924
38468
38301
38546
38377
38573
37819
38154
38183
38742
37989
37965
38233
38009
38018
37990
38169
38312
38008
37999
37358
38269
38165
38109
38512
37880
38069
38239
38456
38234
38050
38051
38304
38004
38429
38263
38224
37791
38619
38396
38006
38258
38321
38173
38551
38186
37995
37969
38163
38256
38434
38247
38308
37909
38241
38189
38196
38066
38088
37984
38136
38319
38218
38108
37885
38407
38561
38073
37728
38162
37966
38440
38664
38118
37880
38465
38459
38155
37643
38117
37937
38537
38175
37902
38250
38362
38241
38079
38364
38369
38072
38124
38102
38172
38117
38449
38392
38441
38417
37931
37880
37807
38115
38174
38493
38184
38044
38225
38526
38182
38126
38268
37991
38160
38079
38350
38057
38009
38286
38190
38135
38237
38031
38120
38028
37928
38089
37929
38471
38575
38607
38263
38115
38263
38638
37891
38472
38292
38524
38333
38502
37911
38527
37695
38016
38015
37627
38230
38058
38221
38204
38169
38234
37942
38030
38278
38243
37846
37717
37887
38007
37917
38521
38404
37965
37915
38554
38167
37982
37938
37811
37957
38108
37998
37998
38268
38253
38216
37923
38220
38351
38203
38491
37992
37965
38265
38393
38075
38072
38199
38112
38062
38114
37977
37921
37971
38462
38045
38432
38118
38366
37884
38383
38126
37980
38156
37800
37628
38163
38004
38060
38304
38388
38089
37942
38249
38096
38226
37996
38287
38149
38407
37941
38177
37881
37645
38294
38365
37987
38124
37918
38266
38387
38529
38009
38269
37895
38173
38078
38332
38103
38457
37930
38390
38596
38198
38169
38519
38234
38154
38353
38169
38310
37986
38248
38282
38288
38148
37803
38114
38073
38001
38292
37968
38367
38000
37681
38057
37930
38272
38050
38063
38397
38046
37765
38462
38166
37860
37985
37932
38419
37916
38142
38000
38221
37733
38457
38426
38351
38399
38272
38186
37933
38205
38072
38319
37995
38245
37845
38250
38434
37873
38145
38023
37965
38272
37842
38268
37807
38275
38078
37989
38125
38147
38166
38227
38287
38274
38278
38207
37947
37988
38221
38433
38192
37930
38166
38165
38015
37898
37827
38195
38182
38271
37889
38065
38081
37918
38163
37872
38088
38251
38444
38110
38668
38068
38366
38402
38454
38218
38151
38388
38327
38363
38231
38114
38030
38050
37995
38221
37904
37845
38289
38270
38134
38351
38272
37909
38467
37927
38377
37614
38351
37854
37936
38153
38129
38133
38224
37992
38516
38263
38049
38304
38226
37960
38191
38116
38230
38328
38032
38006
38173
38027
37876
38021
37930
37878
37850
37842
37932
38554
38113
38475
38084
38151
37993
38256
38137
37906
38117
38485
38164
38092
38242
38023
38196
38322
37848
38382
37983
38454
38670
38181
38367
37873
38222
38574
38061
38244
38328
38321
38080
38014
38158
38185
38401
38327
37961
37688
38239
38089
38052
38116
37992
38405
38098
38317
38353
38328
38247
38102
37963
38075
38487
38137
38110
37901
38059
37955
37998
38269
38438
38196
37728
38270
38434
38077
38220
38118
38065
38136
37677
38159
38194
37958
37939
37950
38021
38167
38191
37963
38049
38121
38047
37683
38298
38359
37912
38451
38289
37814
38016
38304
38209
37574
37865
38088
38157
38095
37988
38046
38281
38436
37898
37990
38539
38081
37989
38251
37801
38021
38250
38336
38025
38171
37542
38351
38242
37994
37865
38091
38503
38085
38418
38174
38481
37934
38211
38297
38216
38151
37975
38137
38203
38046
38413
38031
38333
37911
38283
38109
37930
38287
38288
38133
38400
37796
37932
38087
38060
38267
38090
38259
37841
38120
38521
37939
38197
38084
37975
38210
38028
38406
38100
38052
38407
38432
38423
38304
38268
38233
38054
38356
38425
37770
38380
38378
37885
37958
38420
38249
37906
38393
37571
38302
38181
38154
38261
37924
38041
38143
37967
38381
38040
38225
38251
37952
38018
38180
38142
38043
38256
37871
37845
38220
38328
38354
37981
38194
37857
37904
38133
37929
38122
37995
37883
38028
37969
38216
38176
37784
37943
38313
38163
38312
38203
37933
38448
38118
38087
37976
38364
38439
37846
38046
38277
37749
38326
38439
38451
37906
38316
37953
38479
38578
38175
38134
38311
38187
38248
38281
38465
37970
38296
38337
38329
38359
38056
38152
38428
38118
38226
38085
38574
38099
38417
38454
38542
38060
38546
38035
38038
38012
38176
37913
38254
37943
38087
38416
38511
38225
38125
38065
38264
37893
38672
38276
38298
38438
37756
37802
38458
38283
38281
37993
38588
37925
37966
38348
38292
38122
37843
38566
38680
38445
38112
38013
38130
38465
38180
38453
38248
37925
38311
37901
38348
37834
38280
38430
38012
37856
37798
37897
38649
38296
38450
37942
38475
38053
38006
37971
38185
38183
37984
38157
38378
38241
38489
38060
38149
38105
37940
38063
38135
38050
38097
38023
38130
38475
37931
38031
38031
38308
37850
37770
38339
38486
37818
38287
38252
38251
38513
37997
38297
38155
38178
37995
38111
38400
38112
38591
38142
38018
38669
38418
37985
38380
38382
37869
38265
38146
37863
38157
38369
38085
38166
37906
38301
38290
38293
38171
38259
38131
38080
38054
37941
38106
38207
38024
37971
38050
38373
38046
38265
37836
38264
38329
38134
38121
38212
37942
38199
37922
38217
38294
38159
38020
38002
38111
37928
37968
38019
38075
37894
38554
38160
38310
38195
38250
37858
38111
38314
37564
37811
38711
37748
38093
38136
38232
38308
38180
37930
37921
38405
38134
37934
37914
37861
38288
38212
38171
38273
38121
38097
38158
38224
38171
38322
38459
38096
38169
38412
38326
38700
38041
38104
38149
38527
38053
38120
38408
38216
38316
38258
37942
38103
38391
38039
38153
38094
37911
37747
37998
38301
38482
38179
37857
38355
38216
38373
37956
37957
38236
38311
38084
38133
38185
38338
38082
38498
38612
38234
38303
37795
37822
38471
38163
38119
38371
37767
37985
38163
38126
38403
38329
38182
38192
38059
38054
38117
37904
38135
38375
38212
38472
38598
38092
37873
38227
38237
38037
38188
38214
37875
38094
38344
38039
38214
38109
38106
38255
38175
38406
37966
38170
38209
38495
38447
38191
38015
37992
37955
38008
38482
38329
38316
38043
38077
38138
37958
38344
37836
38153
38305
38506
38222
37981
38602
38484
38232
38441
38449
38302
38314
38086
38406
38159
38170
38166
38411
38176
38189
38250
38278
37932
38441
37935
37952
38337
38142
38492
38066
38110
38537
38157
38659
38417
38490
38240
38498
38263
38373
38192
38101
37870
37980
38364
38110
38212
37900
37955
38217
38097
37980
38154
37940
38325
37722
38256
38083
38267
37952
37976
38226
38054
38077
38044
38394
38123
38058
38241
38237
38245
38084
37953
37858
38174
38176
38168
37986
38427
38283
38121
37817
38123
38109
38431
38154
38233
38113
38290
38364
38278
38087
38009
37992
38048
37895
38640
38414
38093
38439
38055
38195
38277
38037
38161
38110
37839
38073
38139
38205
38231
38343
38461
38211
38321
38005
38013
38224
38177
38310
38293
38479
38235
37974
38427
38135
38436
38191
38053
37845
38085
37993
37901
38129
38111
38110
38224
38455
38153
38083
38412
38017
38200
38156
38290
38107
38558
38286
38258
38231
38177
38068
38036
38482
38177
37894
37814
38112
38436
37692
38157
38077
38044
38121
37921
37875
38185
38161
38123
37837
38302
38420
38142
38169
38149
38107
38131
38108
38227
38203
38543
38265
38165
38702
37933
38026
37924
38260
37905
38202
38348
38039
37973
38567
37993
37701
38152
37804
38400
37831
38442
37957
38089
38284
38183
38191
38291
38055
38303
37950
37986
37945
38281
38279
38291
37903
38190
38132
38442
38217
37910
38072
37862
38074
38304
37988
38546
38225
38283
37972
38382
38047
38005
38070
38061
38166
38544
38196
38023
38233
38250
38345
38397
38389
38221
38217
38023
38055
38115
37899
38199
38183
38316
37849
38197
38029
38241
38005
38283
38137
38115
38180
38123
38124
37709
37849
38019
38315
37936
38240
37993
38648
38233
38078
38121
37835
38535
37900
38646
38394
38386
38175
38031
38116
37640
38620
38022
38388
38272
37994
38132
38077
38070
38061
38021
38131
38283
38088
38017
37779
38096
37873
38159
38251
38239
38330
38433
37925
38626
38372
37879
38160
38176
38403
38276
38156
38182
37872
38271
37799
38340
38141
37917
38531
38331
37970
38036
38040
37842
37895
38310
38394
38477
38265
38132
37850
37995
38240
38360
37895
37922
38136
37827
38096
38276
37800
38230
38409
37896
38266
38147
37998
38105
38202
38325
38000
38249
38203
38418
37909
37982
38240
38079
38259
38753
38305
38009
38326
38172
38527
37974
38449
38640
38553
38371
38433
38199
38031
38128
38306
38506
38145
38170
38340
38452
38187
37948
38370
38153
37848
38248
38152
38299
38476
37939
38179
38563
38074
38102
38256
37980
37923
38227
38009
38193
37968
38075
38279
38008
38332
38441
38033
38045
38080
38075
38028
38336
38126
38078
38431
38105
38048
38036
37897
37932
37994
38004
38193
38388
37960
38105
38067
38000
38168
38324
37974
38183
38231
38090
38133
38107
38943
38058
38254
37978
38108
38351
38347
38244
38419
38205
38216
38043
38113
38241
38274
38180
37802
37920
38135
38315
38479
37754
37744
38115
38105
37919
38323
38247
38237
38224
38355
38252
37935
38195
37973
37919
37690
38432
38249
38523
38270
38058
38369
38121
38070
38409
38115
38299
38329
38125
38108
37952
38150
38157
38412
38434
37870
38140
37894
38101
37918
38278
38373
37804
38071
37841
38632
38282
37847
38011
38093
38212
38250
37890
38010
38211
38212
38025
38198
37905
37929
38469
38113
37905
38727
38113
37954
38209
37953
38298
37875
37905
38008
38032
38129
38394
38020
38243
38460
38160
38082
38162
38184
38113
38591
38032
38385
38062
37977
38226
38186
38284
37930
38167
38210
38024
38366
38110
38003
38312
38378
37989
38019
38148
37991
38231
37841
38435
38269
38395
38164
38219
38159
38252
38527
38109
37997
38394
38165
38173
38347
38721
38067
38292
38006
37834
38085
38395
38048
38298
38299
38222
38175
38242
38199
38394
38282
38427
37921
37815
37930
37561
37954
38272
38095
37988
38113
38238
38013
38110
38354
37966
38036
38704
38391
38023
38153
38616
38493
38413
37882
38301
37842
38259
38533
38132
37881
38481
37542
38087
38646
37878
38356
38351
38101
38303
38081
38326
38142
38171
38134
37933
38207
38368
38108
38038
38104
38538
37823
37781
38720
38187
37906
37927
38121
38172
38200
38503
38037
37952
38092
37943
38429
37946
37910
38295
38176
38271
38204
37809
38160
38086
37895
38110
38281
38192
38290
37784
37846
38192
38165
38052
38393
38569
38230
38319
38020
38166
37821
38329
38070
37819
38226
38294
37875
38007
38066
37946
38239
38065
38473
38312
38075
37938
38297
38488
38442
38201
38475
37780
37732
38058
38159
38338
38113
38414
38387
38139
38044
38371
37931
38139
38092
38269
38279
37977
38605
38348
37986
38254
37939
38023
38391
38314
38186
38397
38237
38700
38153
38248
38232
38084
37701
38212
38458
38146
38296
38302
38507
38206
38034
38574
38387
38338
37937
38489
38031
38440
38116
38105
38229
38405
38203
38252
37935
37681
37913
38177
37904
37803
38423
38037
38377
37993
38237
38195
38274
38080
38019
38560
37909
37996
37849
37936
38313
38073
38049
38239
38284
38225
38074
37960
37992
38418
38156
38137
38252
38213
37851
38146
38419
37910
38221
38181
38150
38186
38303
38197
38772
38329
38232
38361
37900
38156
37961
38341
37747
38516
38144
38074
38246
38035
37681
38007
38053
38469
38219
38110
38088
38331
37920
38174
38145
38399
38080
38600
38258
37808
38661
38265
38028
38318
38382
38123
37936
38781
37753
38115
37737
38296
38317
38562
38376
38335
38161
38168
38086
38499
38355
38333
38386
37949
38162
38223
38153
37959
38210
38052
38354
38356
38055
38120
38248
37986
38187
38203
38120
37893
38264
38059
38201
38424
37830
37997
38195
38197
38504
38032
38056
37929
37923
38455
38148
37835
38130
38514
37833
38590
37938
37762
38430
38233
38496
38059
37945
37874
38414
38125
38481
38231
38143
38145
38347
38476
38360
38120
37881
38171
38232
38184
38128
38033
38169
38040
38748
38200
37810
38010
38220
38690
37777
38028
38265
38280
37936
38007
38064
38090
37859
38087
38626
37955
38560
38377
38320
38341
38214
37869
38100
38312
37640
38194
38214
38439
38215
38011
38062
38144
38066
38120
38165
38191
38493
38201
38045
37977
38204
37980
38502
38264
38044
38276
38398
38270
38165
38242
37952
38190
38490
38068
38259
37859
37917
38029
38283
38066
38146
38243
38138
37754
38062
38347
38292
38250
37992
37979
38071
38217
38146
38093
37984
37936
38108
37997
38028
38288
38569
38295
38364
37921
37865
38412
38234
38309
37858
38073
38473
38041
38177
37883
38012
38185
38034
38035
38007
38384
38153
38322
37975
38187
38116
38131
38060
38511
38506
37992
37852
38225
38438
37907
38316
38357
38013
38046
38109
38028
38209
38061
38212
38041
38197
37701
38361
38203
38232
38148
38310
37906
38187
38063
38159
38454
38413
38100
38008
38173
38272
38246
38482
38271
37941
38110
38386
38030
38142
38363
38007
38049
38287
38441
37990
38064
38056
38118
38170
38636
37971
38181
38388
38050
38460
38264
37996
38060
38135
38293
38025
38045
38157
38156
38089
38332
38224
38400
38276
38727
38222
37911
37889
38341
37949
38047
38178
38071
38397
38179
38313
37897
38365
38019
37951
38104
38096
38098
38266
37803
38188
38045
38174
38316
38151
38405
38110
37984
38478
38707
38361
38254
38224
38071
38263
37888
37934
38273
38399
38079
37987
37860
38387
37771
38311
38115
38137
37646
38239
37976
38198
38071
38404
38286
38477
37822
37840
37807
38023
38400
37868
38368
37897
38382
38328
38429
38508
38662
38500
37747
38266
38163
38272
38441
38209
38261
37847
38625
38219
38469
38213
38159
38342
38224
38053
37874
38356
38239
38094
38356
38290
38117
38067
37972
38227
38295
37816
37977
38102
37934
38008
37978
38328
37975
38116
38137
38203
38612
38171
38371
38148
38110
38533
37842
38017
38126
38355
38129
38356
38404
38347
38347
38366
38154
38510
37979
38118
37988
38587
37843
38317
37980
38426
37999
37798
38182
37951
38605
38170
38523
38094
38188
38365
38281
38567
38129
38063
38317
38036
38346
38176
38297
38234
38304
37996
38173
37958
38211
38289
37869
38284
38029
38349
38684
38059
38316
38143
38306
38658
38187
38558
38076
38135
38030
38136
38182
38373
38389
38160
38083
38166
38094
38028
38403
38587
38171
38327
37958
37967
37828
38192
38166
38374
38558
37977
38198
38226
38016
38022
37733
37767
37894
37779
38495
38311
38176
37993
38263
38116
38650
38256
38240
38261
38339
38457
37924
38245
38479
37892
38016
38119
37989
38341
38103
38482
38551
37858
37906
37886
38464
38150
38178
38107
38490
37979
38063
38327
38013
38465
38058
38290
38277
38249
38205
38281
38148
37991
38358
38152
38109
38125
38270
38134
38316
38376
37910
38031
38295
38087
38131
38341
38290
38582
38486
38695
38017
38206
38281
38135
38242
38321
37922
38076
37962
38080
37980
37787
38062
38217
38511
38344
38911
37929
38390
38219
38149
38326
38426
38451
37983
38036
38018
38125
38015
38477
38491
37789
38133
38073
38444
38362
38126
38134
38271
37864
37972
38138
38177
38164
38272
38042
38236
37746
38490
38155
37994
38139
38078
38203
38313
38052
38221
38407
38270
38171
38198
38123
38091
38208
38008
38184
38222
37969
37959
37711
38419
37864
37992
37969
37984
37805
37880
38654
37903
38122
38189
38024
38098
37852
38181
38096
38300
38014
38119
38109
38157
38540
38101
38630
38176
38104
38342
37794
38075
37954
38106
38038
38268
37918
38011
38322
38109
38375
37958
38058
38232
38327
38196
37968
38392
38183
38381
38320
37976
38484
37899
37945
38344
38004
37632
38565
38482
38137
38077
38169
37777
38255
38148
38207
38239
38074
38009
38100
38170
38014
38467
38112
38577
38137
38166
37890
38250
38115
38026
38398
38454
37970
38142
38113
38423
38099
38091
38126
38357
38069
38173
38338
38073
38298
38413
38351
38210
38335
38249
38021
38214
38050
37983
38083
38054
38341
38083
38695
38457
37985
38161
38169
38361
38400
37967
38289
37864
38258
38402
38429
38052
38029
38240
38115
38287
38083
38308
38480
38020
38101
38433
38198
37967
37971
38677
38354
38152
38552
38432
38013
38438
38228
37977
38240
38697
37972
38055
37808
38422
38346
38374
38415
38145
37918
38052
38342
38219
38404
38541
38407
38167
38098
37702
38217
38638
38009
38025
37918
38188
37847
38218
38254
38384
38269
38293
38052
38048
37981
38275
38094
38278
38328
38110
38373
38440
38128
37931
37975
37989
38156
38453
38203
38028
38297
38095
38086
38275
38188
37907
38266
38664
37935
38319
37942
37983
38359
38161
37958
38440
38151
37999
38580
37911
38296
37880
38147
38072
38207
38093
38071
38134
38105
38135
38170
38295
38065
38272
38288
38262
38276
38393
38751
37893
37975
38002
38094
38236
38221
38412
38245
38287
38387
38279
38341
37845
38301
38278
37748
38460
38132
38029
38367
38105
38200
38037
38016
38073
38383
38225
38455
38271
38136
38222
38189
38249
38140
38245
38305
38268
38088
37990
37770
38357
38163
38132
38258
38327
38104
38099
38290
38300
38411
38688
38415
38167
38142
38167
38256
38033
38119
38012
37881
38165
38519
38211
38294
38124
38196
38247
37921
38212
38139
38159
38246
38816
38088
38028
38088
38143
38360
38637
38282
37609
38222
37881
38097
37989
38064
38337
38290
37929
38014
37987
37992
38354
37891
38357
38278
38437
38031
38275
38611
38006
38365
38378
38079
37865
38237
38591
37976
37843
38673
38347
38417
38164
38008
37802
38125
37980
37596
38053
38111
38152
37949
37834
38373
38171
38381
38444
38024
37935
38241
38152
38134
38366
37926
37933
38255
38237
37803
38361
37897
38294
38078
38115
38429
38242
38212
38499
38372
38375
38220
38059
38280
37812
38298
38041
38061
38355
38038
38271
38212
38292
38142
38206
38306
38168
38306
38178
38063
38156
38065
38219
37916
38206
38489
38181
38034
37719
38112
38545
38021
37858
38143
38015
38329
38085
37828
38671
38210
38202
38280
37713
38337
38235
38084
37957
38452
37817
38321
37849
38056
37912
37772
38197
38427
38187
38259
38227
37983
38312
38342
38208
38164
38325
37986
37932
37976
37958
38306
37937
38111
38385
38495
37861
38191
38440
38535
38430
37908
38000
38183
38291
38139
37817
38265
38487
38090
38221
38055
38099
38117
38194
38404
38350
38315
37851
38166
38136
38352
38480
38103
38184
38549
38644
38163
38321
38048
37834
37888
37905
38449
37954
38415
38052
38488
38036
38306
38167
37853
38361
38207
38236
38274
38257
37898
38102
38226
38248
38228
38448
37977
38028
37922
38083
38249
38062
38192
38065
38443
38671
37776
37885
38162
38287
37941
38260
38669
37605
37996
38175
38199
38334
38049
38397
38127
38078
38343
38316
38441
38727
37980
38384
38388
38124
38156
38230
38123
38324
37987
38292
38191
38264
38669
38331
38139
38212
38064
37992
38134
38081
38276
38037
37965
38354
38126
37901
38072
38268
38340
38044
38106
38494
38088
37875
38222
37990
38282
37863
38261
38133
38315
37885
38050
38124
38481
38233
38128
37958
37972
38326
38238
38187
38485
38110
37894
38176
38342
38199
38038
37838
37907
37947
37930
38381
37913
38207
38489
38157
38397
38373
38161
38110
38113
38156
38212
38325
37910
38287
38170
38020
38232
38552
37883
38187
38051
38219
38125
37853
37979
38411
38292
38281
37837
37827
38528
38139
38183
37970
38207
38071
38409
38338
38032
38044
38081
38352
38192
38149
38229
38306
38160
38158
38471
38467
38031
38337
38020
38498
38000
37946
38611
37941
38402
37961
38057
38554
37964
38628
38793
38186
38209
37960
37974
37898
37825
38081
37798
37891
38380
38018
38135
38066
37987
38050
38395
38358
38167
38089
38062
38144
38313
38276
38298
37730
38013
38856
38107
38256
38321
38535
38328
38217
37941
38464
38439
38141
38184
38416
38220
37837
37987
38000
38133
38028
37809
38436
37963
38252
38136
37938
38221
38310
38338
37853
38171
38123
37925
38105
38019
37935
38204
38411
38097
37966
38277
38050
38538
38176
38184
38079
38321
38314
38059
37895
38285
38013
38368
38161
38176
38225
38592
38059
37946
38554
38409
38542
38163
38085
38194
37992
38267
37970
38130
38281
38500
38594
37973
38331
38224
38441
38066
38038
38265
38232
37986
38181
38434
38257
38242
37879
38186
38222
38609
38169
38241
38249
37906
38454
38172
38599
38110
38337
37927
38006
38049
38242
38401
38777
38506
38451
38246
38012
38309
37943
38067
38479
38054
37859
38289
38455
37910
37985
37774
38086
38459
37928
38176
38315
38343
37991
38319
38151
37956
37984
38244
38226
38133
38023
38501
38431
37963
37863
38030
38264
38096
38094
37887
38249
38413
37926
38160
37881
38430
38371
38482
38507
38153
38038
37974
38098
38294
37894
38238
38179
37632
38062
37994
38212
37986
37894
37838
38140
38218
38338
37944
38576
37906
38112
38272
37716
38311
38147
38010
38463
38376
38147
38037
38209
38075
38595
38173
38199
38354
38184
38016
38322
37878
38015
38248
37980
38440
38205
37860
37954
38345
37934
38173
38085
38222
38419
37779
38146
38229
38130
38336
38650
38302
37717
38280
38136
38108
38509
38215
38272
38224
38313
38050
37928
38151
38137
38540
38472
37959
38319
38187
38295
38033
38085
38185
38190
38462
38211
38577
38223
37615
38189
38125
38146
38129
38254
38628
37910
38316
38026
38188
38352
37794
37973
38167
38336
38305
38552
38143
38343
38275
38610
38336
38206
37752
38294
37912
37939
38115
38141
38407
37950
38400
38152
37977
38024
38263
38121
38067
38481
38136
38318
38287
38679
38300
38257
38181
38502
38446
37975
38343
37805
38185
38421
38349
38154
38359
38361
38007
38111
37954
38151
37761
38216
38253
38012
38375
38185
38099
38221
37988
38071
38272
38151
38402
38273
38413
38293
38004
38006
38678
38272
38278
38618
38376
37766
38034
38653
38011
38179
38136
37942
38180
38014
37731
37986
38235
38039
38312
38195
38338
38074
38069
38181
38284
37932
37998
38159
38121
38391
37947
38073
38048
38113
38302
38044
38047
38288
38165
38387
37729
38089
38122
37960
38327
38192
38426
38556
38057
37974
38113
37983
38400
37951
38375
38204
38190
38298
38097
38223
37978
38192
38167
38372
37999
37894
38234
38115
37973
37761
37843
38253
38342
38140
38557
38118
38227
37959
37976
38097
38432
38187
38133
38020
37836
38101
38706
37919
38139
38193
38058
37985
37930
38163
38447
38331
37859
37909
38304
38110
38415
38409
38286
37873
38074
38296
38094
38243
38211
38287
38359
37957
38050
38457
38167
38245
38070
38125
38466
38347
38328
38201
38147
37943
38612
38098
38366
38042
38297
38417
38139
38117
38490
38370
38313
38171
37939
38175
38170
37733
37990
38259
38039
37926
38279
38058
38115
38139
37978
38446
38506
38447
38160
38003
38795
38277
37996
37878
38501
38013
38095
38194
38287
38172
38474
38337
37856
37877
38535
38233
38494
38154
38043
38328
38050
38572
38345
37965
38374
38101
37614
38050
38064
38465
38142
38482
38257
37752
37895
38056
38341
38122
38269
37900
38128
37987
38195
38097
38232
38106
38154
37997
37970
38103
38157
38248
38079
38396
38296
38290
38053
38270
38070
38273
38034
38265
38092
38117
37898
37998
38250
37962
37924
37957
38522
38278
38723
38116
38291
38377
38444
38332
37972
38385
38329
38420
38527
38037
37829
38169
37946
38372
38137
38126
38054
38620
38561
37988
37787
38240
37956
38132
38077
38355
38068
38249
38025
38140
38424
38470
38472
38220
38392
38179
38236
37931
38166
38260
37941
38189
38159
38189
38060
38302
38048
38007
