19032
18882
19299
19403
18945
19365
19091
18990
18666
18869
19189
19181
19227
19007
19078
19220
19343
19088
19068
19325
19072
19127
18988
18894
19317
18887
19208
18937
19010
19357
18562
18906
18951
19363
19152
19044
19073
18871
19091
19189
19133
18764
19032
19045
19349
19363
19366
19327
18830
19205
19013
19390
19228
19377
19382
18723
19091
19227
19240
19326
18765
18999
19131
19156
18896
19287
18876
19362
19016
19403
19136
18979
18825
18755
18904
19330
18917
19235
19087
19135
19328
18756
19209
19241
19048
19347
18865
19052
18697
19381
19304
19228
19173
19283
19364
19230
19282
18904
18863
18970
19030
19237
19113
19117
19051
18861
19302
19185
19026
19071
19011
19076
19099
19032
19198
19109
19124
19059
19094
18951
18933
19008
19244
19053
19048
18659
18761
18923
19115
19265
18865
19028
19044
18999
19062
19228
19317
19130
19119
19217
19143
18990
19248
19259
19072
19277
19157
19246
19168
19112
19128
18909
19331
18953
19028
18984
18936
18545
18917
19386
19374
19255
18973
19618
19212
19178
19087
19010
19183
18912
18992
18807
18926
19326
19081
19221
19293
19131
18776
19094
19378
19395
18966
19080
19102
19139
19253
19074
19562
19128
19044
19175
19457
19348
19215
19387
19123
18963
19283
19296
19064
18613
19170
18880
18743
18935
18962
19150
19363
18823
19022
18998
19361
19271
19091
18991
19101
19102
19475
19219
19225
19111
19316
19349
18770
19216
19277
18881
18926
19071
19092
19060
19267
19203
19094
19175
18977
19215
19081
18855
18531
18714
19037
19403
18803
19228
18959
19250
19075
18959
18894
19195
18901
19150
19413
19072
19081
19083
19218
19260
19233
19061
19015
19058
18832
19169
19208
19258
19066
19027
19007
18908
19169
19220
18894
18658
18627
18689
19244
18977
19101
19255
19129
19178
19351
19226
19451
19324
19054
19050
18695
18989
19175
18885
18781
19007
19293
18891
18861
19179
19015
19020
18953
19226
19054
18777
19130
19049
18624
18774
19345
19003
19103
18795
19163
18995
18833
18986
18495
19062
19409
19440
18861
18829
18758
19080
19181
18896
19247
19173
19391
19027
19203
19502
19623
18916
18977
18839
19085
19270
19077
19146
18718
19049
19027
19087
19268
18993
19170
18891
19270
19026
19221
19278
19449
19038
19551
19386
19313
18947
18906
19282
19040
18763
19173
19453
18994
19145
19173
18961
19158
18807
19003
19129
19329
19084
19171
19119
19102
19136
19134
19232
18932
18882
18919
19365
19066
19057
19047
19198
19109
19069
19310
19048
19038
19441
19059
18942
19269
19095
19177
19067
19164
19285
19171
18962
19256
19023
19126
19103
18655
18973
19161
18949
18948
18882
19251
19380
19177
19027
19039
19283
19088
19372
19089
19246
19150
19212
19141
19098
19353
18893
19299
19392
19135
19128
19175
18998
19282
19124
18991
18782
19169
18580
18992
19408
19186
19083
19140
18793
18685
19198
18989
18891
19192
19056
19213
19247
19059
18361
18973
18857
19006
19103
19211
19278
19204
19135
19350
18848
19351
19186
19281
18813
19298
18794
19407
18883
19184
19182
19304
19121
19290
19004
18910
19305
18987
19295
18914
19066
18819
19156
18864
19396
19209
19310
19419
19133
18875
19445
18978
19373
19218
19143
18845
19065
19124
19338
19368
19111
18970
19145
19127
19168
18838
19453
18890
19122
19160
18588
19127
19486
19224
18989
19116
19343
19252
19133
19163
19108
19055
19068
19271
18700
19208
19302
19011
19211
18914
19134
18985
19266
19159
19098
19031
18856
19260
18997
18981
18930
19143
19114
18797
19068
19409
19133
19059
18964
18885
19454
19033
18960
19062
19025
19381
19212
19100
18967
19092
19171
18875
19172
18919
19045
18916
19003
19023
19011
19252
19080
19116
18817
18866
19143
18792
19093
19186
19042
18826
18837
18623
19309
18980
19086
18964
18711
18432
19051
18986
18894
19086
19103
18927
18963
18911
19408
19223
19183
19191
19241
19230
19205
19102
18697
19104
19408
19292
18984
18991
18842
18965
19385
18860
18943
19145
19372
18925
19087
18969
19072
19104
19674
18899
19517
19087
19371
19273
19063
18801
19027
19362
19171
19449
19069
19054
18696
19007
19240
19227
18833
19268
19169
19175
18613
19176
19147
19007
19288
19271
19176
19244
19105
19002
18720
19422
18832
19226
19199
19346
19485
19006
18750
19273
19571
19315
19301
19171
19108
19426
19279
19120
18925
19388
18956
18938
19060
18984
18868
19174
19206
18957
19174
19069
18770
19270
18778
18811
19387
19077
18930
19070
19085
19024
19255
19130
19131
18969
18634
18911
18990
19150
18924
19115
19194
19047
19405
18820
19200
19030
18835
18596
18825
19289
19225
19008
19218
19440
18952
18877
19108
19270
18952
19490
19268
19086
18889
19414
18863
18989
19248
19434
19289
19241
19125
18992
19248
19025
18944
19313
19135
19249
19085
19381
19307
18792
19232
19144
19153
19052
18711
18945
19300
19302
19197
19045
19146
19246
18932
19051
19151
18920
19182
19434
19014
19187
18856
19234
19431
19253
18782
19226
19424
19192
18848
18974
19044
19126
18981
19225
19228
19142
18977
19374
19237
19003
19157
19308
19224
19109
18779
18515
19159
18639
19054
19467
19037
18691
18943
19065
19094
18596
19160
18670
19145
18978
19202
18938
19118
18877
18998
18992
18992
18928
19251
19029
19601
18709
19087
19265
18908
18867
19042
19073
19440
19121
18703
19246
18775
18866
18987
18847
19246
18819
19199
19245
19421
19169
18760
18776
19053
19190
18894
18946
19281
19054
19255
18904
18690
19204
19074
18998
19430
18902
19011
19024
19099
19069
18820
19205
19210
19153
19075
19198
19174
18850
18832
19069
19138
18998
19109
19130
18781
19184
18991
19155
19125
19280
18984
18877
19057
18954
18911
18786
18950
19008
19216
19313
18791
18932
19072
19047
19463
19544
19008
18644
19071
19081
18865
19314
19085
18793
19104
18796
18984
19107
19349
18897
19217
19343
19065
19156
19377
18786
19468
19215
18960
19272
19221
18956
18917
18606
19167
19259
19513
19269
19337
19050
19463
18991
19359
18937
18911
19048
18866
19368
19038
19195
19071
19309
19359
19306
19180
18880
19321
18960
19073
19014
19052
18916
19071
19129
19275
19294
19183
19055
19004
19456
19284
19394
19185
19070
19276
19127
19207
19529
19110
19131
19372
19136
19061
19207
19231
19177
19079
18890
19133
18893
19125
19119
19360
19046
19306
19115
19116
19153
18975
19050
19318
19014
19499
19237
18658
19266
18906
19039
19121
19016
18860
18811
18975
18895
19140
18887
19015
18936
18894
19202
18575
19293
18975
19193
19142
19183
19321
19041
19047
19131
18994
19224
19297
18702
18935
19393
19145
19135
19541
19300
19157
19371
19050
19086
19275
18715
19260
19057
18837
19177
18876
18911
19110
18949
18943
19088
19204
19164
19321
19070
19161
18880
19323
18875
18777
19117
19148
19060
18863
19258
19198
19333
18937
19124
18964
18782
19081
18970
19448
19147
19017
19021
18939
19255
19039
18746
18908
19141
18971
19112
19032
18841
19029
18808
19052
19166
18925
18992
18975
18889
18842
19030
18721
19191
19055
19201
18785
19051
18967
18985
19166
19320
19147
19275
18933
18767
19004
18844
19331
19117
19044
18618
19472
19151
18974
19108
19239
19523
19196
19309
19202
19166
18960
18626
18717
19260
19032
19330
19200
19046
19299
19100
18920
18906
19085
18900
18967
19021
18864
19038
19265
19095
19153
19154
19264
19467
19046
19397
18936
18880
19309
19132
18890
18989
18861
19201
18938
19123
19140
19050
19030
19071
19106
19181
19420
18485
19047
18928
19014
19023
19080
19134
19230
19140
18911
19127
19093
19170
18970
19174
19066
19014
18783
18994
19106
19065
19070
19301
18945
19030
19269
18911
18900
18954
19479
18844
19195
19129
19211
19154
19233
19085
19223
19172
19016
19152
19359
18850
19401
19242
19020
18794
19322
19091
18873
18856
19177
19061
19255
19681
19129
19178
19071
19147
18937
19308
18994
19096
19292
18947
19173
19368
19364
18903
18867
18990
19047
19250
19537
19191
19099
19334
19060
18905
19264
19258
18827
19038
19392
18710
19241
19172
19110
19249
18741
18949
18886
19074
19337
19143
18856
19001
19376
19295
19074
19212
19072
19055
18904
18967
18884
19131
19099
19043
18942
19188
19150
19389
19210
19127
19321
19088
19127
18882
18800
19293
18850
19543
19012
18989
18657
19171
18968
19165
18994
19050
19090
19118
19053
19147
19120
18954
18992
19274
18986
18987
18903
19222
19127
19096
19000
18689
19049
18966
19067
19274
19038
19067
18921
19002
19075
19023
19058
19311
19285
19312
19052
18911
18475
19086
18639
19233
19273
18810
19126
18983
18893
19290
19179
18668
18891
19308
19239
19310
19058
18937
19275
18662
18707
19547
19399
19138
19140
18443
18980
18979
19016
19209
19167
19328
19316
19099
19223
19002
18835
18950
18938
18989
19418
18903
19091
18934
19027
19159
18878
19174
19010
19121
18962
18852
18840
18878
19192
18957
18940
18891
19273
18698
19059
18967
19065
19041
19118
18932
19233
19309
19106
19082
18954
19125
19158
19242
19474
18739
19357
19044
19015
18787
18607
19238
19113
18944
19091
19193
19139
18857
19119
19085
19174
19517
19499
18929
19065
19061
19291
19208
19243
19168
19342
19240
19160
18762
19147
18991
19061
19097
19026
19001
19022
19068
19145
19253
18773
18859
18674
19103
19289
18666
18740
18995
19053
19153
18975
19232
19327
19126
19027
18942
19155
19198
19394
18744
19123
19199
19015
19208
19401
19177
19272
18595
18774
18978
18821
18809
18890
19295
19120
19004
19134
18729
19192
18958
19032
18937
19502
18896
19005
19251
18924
18985
18990
19175
19325
19383
18964
18899
19415
18579
18778
18870
19196
19433
19385
19333
19076
19151
19079
19293
18739
18978
18961
18727
18883
18951
19202
19302
18794
19069
19224
19046
19269
19127
19346
19314
19021
18877
19380
19126
19494
19488
19222
19264
19357
18827
18660
18795
18859
19111
19181
18683
19263
18889
18836
19095
19129
19530
19139
19196
19097
19141
19029
19188
18668
19393
18978
19348
19154
18801
18962
19174
19155
19034
18878
19328
18856
19017
19232
19284
18906
19018
19239
19223
19342
18733
19167
18951
19106
18880
18950
18782
18999
19169
18892
19115
19281
19036
19183
19056
18852
19277
19408
18976
19062
19290
19149
19178
19143
19343
18960
19025
19352
19031
19133
19147
19069
19156
19102
18870
19551
19168
19040
19118
19018
19267
18777
19095
19019
19105
19226
19448
19200
18743
19246
18672
19118
18952
18979
19028
19226
18661
18808
19039
19090
19016
19290
19089
19286
19271
19347
18859
19260
19299
19150
18823
19191
18784
19041
18850
19226
18820
19122
19078
18947
19247
19205
19391
18913
19122
19123
19150
19264
18850
19111
18818
19195
18882
18860
19252
19286
18872
19235
19018
18770
19226
19079
19203
19146
18690
18945
19330
19352
19048
19104
19117
18955
19076
19524
19030
19320
18993
19006
18612
18850
19236
18913
19104
19388
19111
19068
19113
19199
18779
19059
19077
19027
19142
19208
19020
19199
19200
19194
19289
19015
19274
18962
18978
19234
18566
18986
18851
19484
19342
19086
19119
19120
18767
19296
19392
19515
19140
19086
18756
19174
19690
19272
19476
18969
19336
19271
19200
18756
19177
19000
18825
18801
18631
19164
19303
19232
19477
18904
19436
19328
18689
18891
19091
19017
19076
19284
18833
19310
18505
19239
18951
19221
18996
18837
18797
19155
19056
19285
19035
19054
19030
19252
18501
19199
18868
19124
18943
19089
19099
19145
19181
18975
19156
19149
19094
19123
19013
19186
19322
19177
18775
19380
19114
19216
19097
19040
18638
18777
19202
19088
18847
19100
18851
19003
19143
19109
19295
19106
19122
18716
19067
18993
19001
19259
19171
19129
19273
19101
19370
19148
19271
19103
18811
18808
18685
18986
19151
19334
19087
19160
19238
19290
19296
18856
19337
19047
18955
18956
18846
19242
18988
18891
18936
19046
19064
19309
19090
19063
19549
19341
19271
19177
19155
19043
19316
18592
19374
18833
19414
19305
18971
18904
19038
19249
18882
19346
19144
19159
19070
18898
18830
19029
18911
18881
19143
19227
19107
19050
19164
19024
19198
19273
18849
19107
19546
18795
18918
18955
18680
19105
18670
19005
19128
19052
19242
18607
19324
19285
19127
19305
19269
19234
19021
19011
18494
19056
19289
18995
19025
19315
18910
18981
18750
19009
18949
18856
19022
19052
19028
19119
19032
18936
19087
19125
19018
19140
18912
18917
19194
19042
18712
19331
18842
18749
18740
18953
18805
19100
19357
18898
18977
19484
19251
18671
19016
18909
19292
18927
18614
18867
19073
19238
19197
19043
19168
19156
19227
18944
19118
18561
19197
18965
19130
18975
18739
18941
19148
19029
18753
18948
19402
18947
19040
18979
19176
19069
19065
18842
19248
19162
18933
19209
18938
19201
19008
19246
18823
19017
18710
18975
18547
18825
18894
19104
18918
19282
19108
19014
19194
19199
18575
19460
19102
19167
18980
19331
19405
19203
19113
19116
18487
18933
19044
19103
19243
19219
19234
18839
19390
19283
19058
18910
19323
19086
18908
18706
18748
18999
18990
19125
19059
19256
19183
18635
18831
18977
19182
18966
18893
19400
19035
18958
18921
19128
18834
19198
18938
18939
19270
19282
18776
18975
19331
18975
18769
19245
18826
19212
18837
18852
19268
19073
19001
18893
18719
19269
19272
18937
19159
19111
19156
19399
19293
18920
18789
19044
18805
19267
19355
19235
18787
18994
19016
19123
19011
19021
19453
19069
18910
18583
19188
19331
18867
18669
19048
19333
19135
18752
18993
18690
18906
19085
18873
19364
19131
19138
19191
18990
19522
18967
18767
18948
19463
19166
19449
18852
18995
19050
19026
19131
19278
19355
19078
19137
19270
19016
19181
18972
19244
19129
19168
18823
19321
19432
19473
18976
18456
19242
19048
19238
18994
19049
19010
19231
19005
19221
19323
18819
18868
18972
19387
19080
18794
19187
18956
19046
18867
19048
19125
18916
19044
19102
19234
19597
19352
19218
18950
19177
19056
19199
19081
19006
18942
19187
18952
18849
18807
18720
18973
19228
19116
19117
19040
18948
18664
19190
18902
18673
19155
19105
18956
19276
19300
19180
18931
19287
19204
19343
18799
18836
18752
19033
19234
19020
19382
18966
19323
19168
18899
18724
19129
19052
19280
19144
18821
19007
19123
19047
19284
18971
19110
19123
19054
19037
18923
19427
19272
19187
19305
18864
18977
19028
19420
19142
18994
19340
19080
19229
18782
19264
19025
18604
19034
19015
19181
19116
19366
19118
19184
19187
19648
19245
19080
18894
18935
19082
19120
19078
19228
19069
19270
19024
18822
19264
19120
19044
18589
19235
19260
19188
19210
19080
19020
19358
18790
18967
19119
18999
19053
19501
18985
19044
19167
19297
19074
19348
18800
19266
18817
18703
19347
19033
19206
19152
19167
18901
19167
18995
18795
18974
19064
19273
19372
18783
19030
19096
18962
19215
19251
19271
19332
19157
19309
18944
19184
19242
19460
19160
19277
19192
19057
19147
19008
18917
19206
19596
18951
19412
19203
18998
19132
18593
19186
18932
19137
19175
19115
18781
18931
19323
19356
19175
19325
18720
19242
19128
19030
19312
19050
19025
19218
18793
19212
18993
19160
19155
19000
19001
18730
19019
18920
18751
19380
18968
19343
18931
18951
18970
19508
19074
19324
19075
19113
19092
19512
19300
19074
19283
19657
18897
19071
19222
18910
19230
19015
18739
19011
18812
19003
19126
18939
19246
18874
19063
18981
18891
19274
19502
18973
18805
18961
19396
19181
18948
19130
19000
19209
18793
19268
19231
19079
19017
19096
19355
19344
18911
19103
18668
19039
18948
19123
19183
18995
19138
18956
18808
19061
19006
19024
19303
18951
18734
18867
19299
19379
18905
19138
19432
19100
19248
19090
19325
19157
18903
19213
19194
19141
19087
19073
19136
19562
18769
19213
18955
18895
19487
19224
19435
19200
19078
18908
19079
19070
19057
19504
19186
18821
19228
18938
19227
18862
18806
19091
19318
19323
19363
19110
19186
19057
18959
18918
18565
19198
18760
19246
18993
19214
18884
19053
19044
18821
19281
19231
19214
19484
19044
18981
19172
19070
19176
19188
18927
19216
19051
19250
19465
19025
19104
19003
19206
19378
19197
18921
19284
19239
18939
19000
19464
19251
19042
18712
18588
19025
19152
19154
18881
19254
19005
19276
18983
19005
18662
19019
19049
19126
19410
19055
19181
19159
18649
18941
18911
19006
18853
18908
18865
19259
18970
19184
19268
19551
18786
19131
18817
18914
18897
19264
18757
19277
19141
18697
18944
19309
19151
19304
19062
19015
18868
19067
19273
19350
18906
18846
19331
18717
18912
18744
19008
19211
19126
19322
19122
18990
19195
18804
19323
18990
19322
18875
18998
19044
18808
19171
19650
19040
18825
19085
19269
19089
19085
18867
18939
19329
18925
18640
18892
19115
19049
19163
19292
18998
19425
19029
19294
19159
18739
19282
18999
19167
18917
19288
19089
19296
19195
19155
18950
19068
18739
18956
18796
19057
19420
19248
19098
19113
19085
19039
18911
19065
18933
19035
18921
18800
18963
18801
18912
19094
18911
19216
19336
18992
19206
18937
19139
18989
18773
18892
19390
18820
19373
19474
18817
18770
19295
19512
19179
19104
19002
19055
19149
19113
19079
19209
19304
19231
19186
19448
18904
18852
19047
19226
19263
18801
19215
19234
19145
19034
19105
19080
19495
19057
18952
18584
19019
19148
18866
19207
19163
19058
19105
19321
18973
19080
19411
18893
19219
19251
19187
18946
19223
19251
18658
18826
18910
19244
19001
19244
18942
19292
19210
18950
19223
18814
18981
19006
18939
19100
18904
19279
19390
19198
18921
19059
19387
18944
18947
19048
19129
19090
19255
19009
19160
19113
19107
18786
19317
18983
19114
19201
19284
19321
19201
18985
19125
19179
19120
19097
18950
18917
19192
18667
19141
18963
19081
19013
18956
18776
18788
19179
18808
19113
18954
19109
18709
19181
18817
18929
18942
19061
19332
18900
18880
18656
19321
19217
18802
18780
18979
18983
19292
19393
19000
18926
19072
18649
19084
19305
18751
18915
18922
19122
18659
19300
18713
18949
18783
18822
19116
19381
19021
19169
19310
18895
19005
19089
19133
19122
19112
19130
19175
19230
18960
19314
19077
19042
19054
19125
18674
19073
19510
19231
19111
19127
18998
19196
19058
18852
19355
19249
19142
19280
18999
18983
19388
18947
19249
19482
18861
19192
18934
19193
18664
19063
19339
18979
19210
18848
19156
19203
18826
19106
19063
18883
19132
19250
18809
19017
19118
19201
18781
19072
18674
19291
19072
18665
19349
19188
19310
18923
18888
18971
19271
19346
18943
19143
19123
19061
19443
19023
19146
19107
18658
19377
19021
19203
19371
19011
19242
18951
19311
19502
19080
19314
18992
19051
19120
19138
19208
19101
19110
19328
19100
19209
19226
18939
19212
18916
19543
18951
19297
18906
19181
19011
19210
19292
19077
19323
18897
19298
19064
19263
19036
18998
19119
18956
18928
19272
19301
19413
19355
18989
19061
19172
18943
19189
19194
19350
19163
19166
18954
18826
19264
18976
19194
18880
19358
19174
19238
18821
19174
19012
19014
19183
19462
19207
18937
19534
19094
19078
19114
18817
19173
19344
19134
19054
19071
19290
19118
18988
19141
18855
19016
19264
18758
19100
18979
18932
19056
18978
19326
19623
18876
18948
19038
19456
18737
18943
19105
18966
19052
19147
18935
19060
19114
19246
18824
19240
19169
19195
19168
19228
19376
19133
18807
19350
19161
18779
18978
19498
19115
19105
18959
19192
19487
19369
19233
19203
18970
18653
19086
19109
19009
19485
19271
19084
19018
19222
19227
19117
19069
19123
18971
19133
19465
18998
18895
19136
18979
19057
18843
19225
19209
19147
18988
19076
19180
19207
18905
19125
18647
19314
19228
19169
19244
19157
18941
19155
19071
18976
19074
19334
19132
19023
18736
19153
18870
18945
19056
19449
18908
19503
18904
19161
18895
18963
18908
19155
19319
19119
19460
19255
19049
19265
19007
19291
19104
19055
18822
19208
18882
18988
19055
19253
19026
19310
19126
19196
18896
19061
19000
18900
19208
18987
19428
19172
19207
19148
19309
18849
18600
19085
18838
18748
19059
19240
18744
19071
19299
19200
18865
18774
19040
19200
18974
19374
18807
19233
18919
19382
19163
19565
19092
18979
18789
19221
19199
19214
19042
18986
18931
19090
19361
18841
19153
19317
19108
19014
19237
19174
18736
19519
18776
19106
19170
19101
19102
19098
19130
18968
18919
18684
19120
19062
18951
19099
18747
19289
18551
19039
18788
19308
18448
18879
19120
19573
18988
19298
18762
19178
19084
18880
19024
19398
19229
18892
18984
19554
19525
19182
19465
19458
19334
18949
18920
18902
19001
19169
18976
19013
18998
19100
19059
19176
18881
18704
19299
19257
18772
19092
19074
19176
19026
19049
19077
19043
19073
19566
19134
19112
19136
19130
18995
18852
19232
19131
19155
19207
18837
19172
18983
18895
18932
18944
19295
19556
18846
19013
19104
19053
19187
19431
18965
19223
18652
19374
19063
18680
18967
19296
18753
18783
18830
18875
18832
18854
18901
18986
18832
18976
19164
18790
19019
18881
19310
19156
19002
19216
19020
19167
18998
19128
18961
19067
19005
19399
19452
19135
19352
19236
18987
19108
18989
18921
18818
19116
19130
19229
18919
19191
18980
19196
19082
18941
19429
19231
19138
19232
18955
19142
18847
19242
19148
18933
19035
19126
18900
18947
18791
19059
18887
18916
19035
19208
18942
19294
19029
19308
19180
19055
19250
19143
19511
19120
18705
19004
18987
19140
18993
19341
18842
19133
18959
18961
18932
19331
18935
18857
19315
19106
18926
18905
19024
18866
18883
19232
19270
19028
19432
19151
18874
19072
19262
19029
19207
19308
19112
18960
18869
18947
19462
18757
18998
18731
18949
19153
18731
19295
19598
19162
18836
19358
19002
18867
19249
19078
19264
18862
18753
19174
19439
18900
19051
19302
19014
19238
19409
19108
19141
18814
19209
19095
19004
19214
19103
19047
18984
19274
19173
19104
19061
18944
18864
19035
19039
19102
19038
19111
19529
19236
18990
18999
19227
19072
19221
19038
19431
19119
18953
19312
19316
19258
18993
19086
19294
19209
19098
19072
18796
19253
19176
19296
19486
19283
19267
18855
19145
19033
19255
19258
19251
18986
18993
18956
18903
19008
19120
19435
19183
18927
19047
18852
19112
19038
19040
19039
19219
19072
19217
19201
19126
18915
19427
18695
19312
19201
19033
19491
19091
19098
19293
19031
19061
19166
18995
19063
19076
18820
19070
18858
19106
19320
19036
18942
19499
19321
18879
19276
19214
18636
19133
18717
19182
19227
19182
19149
19151
19163
19123
18877
19040
19268
19265
19017
18918
19026
19213
19122
18957
19124
19052
19056
19029
19096
19252
19334
19123
19319
19303
19062
18733
19058
19229
18869
18961
19251
19074
19231
19225
19223
18935
19085
18835
19227
18906
19075
18917
18795
19001
18829
19141
18982
18937
19224
19053
19178
18928
19056
18839
19022
18666
19116
18972
19546
18871
19316
18852
19091
19339
19247
19147
19233
18957
19264
18725
19225
19335
19082
19183
19337
19070
19269
19133
19005
19209
18940
19060
19170
19122
19279
19553
19009
18677
19368
19182
18689
18891
19324
19027
18900
19115
19266
19564
19126
19181
18903
19065
18692
18800
18884
19212
18648
19010
19031
18861
18829
19024
19317
19121
18915
18808
18960
18848
18765
19056
18790
19061
19027
19391
18913
19172
18998
19111
19290
19064
19297
19169
19242
18897
19222
18924
19327
19321
18675
19210
19155
18992
18982
19363
18912
18875
19068
18750
18723
19131
19224
18892
19127
19034
18996
19032
19100
19096
18893
18670
19142
18965
19317
19154
18998
19073
19320
19446
19037
18801
18909
18869
19272
18968
19134
19512
19287
19052
19000
19254
18963
18785
19124
19043
19025
18908
18232
18930
18785
18991
18932
19071
19040
18977
18982
18969
19115
19278
19107
19336
18547
19337
19043
19266
19361
18925
19390
19175
19167
19095
19032
18855
19013
19070
19226
18697
19122
18980
18819
18939
18962
18839
19307
19398
18663
19212
19510
18725
19122
19485
19178
18990
19357
18918
19019
19323
19058
19029
19334
19183
19045
18996
18959
19204
18855
18993
19064
19226
19021
19006
19226
19139
19179
18984
18855
19356
18978
19214
18635
19351
18720
19119
18739
19444
19142
19152
18881
19234
19042
19045
19030
19294
18723
18521
19135
19081
19011
18612
18707
18776
19146
18811
18995
18784
19071
19328
18769
19164
19129
19346
19307
19127
19169
19040
19333
19026
18958
18986
19127
18910
19089
18968
19210
19229
18835
19199
19133
19300
18908
19049
19214
19419
19194
19030
19318
19460
18873
19282
18694
18823
19032
19252
18957
18933
18954
19051
18970
18588
18993
18987
19134
19395
19433
19295
19121
19287
19184
18815
19116
19155
19239
19030
19176
18958
18877
19128
19269
19065
18748
19042
18994
19259
19114
19075
19326
18839
18998
19398
19098
19365
18891
19069
18717
18830
18975
18949
19058
18984
19034
19355
19132
19282
18909
19079
19080
19093
19027
18979
18720
19319
19286
19188
19129
18851
19235
18990
19076
19268
19490
19084
19210
19093
19207
19538
18801
18621
19017
19197
19112
19185
18974
19173
18804
19367
18955
19181
19261
19105
19159
18869
18824
19326
19114
18813
19284
18941
19137
18950
19155
19119
18980
19179
19097
19009
19028
19268
18918
18991
19329
18870
19143
19063
18820
19150
18660
19269
19227
18678
19133
18910
19315
19148
19255
19181
18461
19113
18997
19254
18813
19120
19444
18950
19141
19181
19257
19045
19302
19123
19221
19084
19257
18805
18958
19117
19301
18997
18833
18686
18826
19160
19239
18674
18985
19198
19208
19122
19025
19019
19316
18963
19230
19163
19122
19086
19286
19183
19035
18939
19334
18972
18942
18806
19152
19324
19044
19421
19271
18804
19306
19053
19146
19203
19104
19077
19138
19220
19146
19071
18936
19391
18936
19110
18669
19246
19213
19172
18845
19195
19362
19013
19013
19051
19121
18730
19361
19033
18880
18999
18919
18872
19435
19126
19304
19142
18878
18901
19062
18958
18692
19094
18828
19133
19244
19030
18789
18899
19373
19404
19113
19144
19277
18995
19110
19257
18930
19382
18817
19002
19203
18907
18992
18913
19087
19101
19011
18730
19033
18799
18843
19222
19361
19040
19220
18687
18780
19141
19057
19339
19116
18967
18974
19128
19109
18622
19099
19028
18962
19440
19058
19150
18953
19225
19398
18953
19279
19091
19026
18921
18839
18995
19642
18986
19154
19014
18876
19273
18988
19162
19190
19209
19047
19193
19174
18684
19234
18978
19399
19039
19039
19063
18924
19594
19174
19234
19362
18830
18794
18949
18920
19286
18977
19022
19259
18725
19050
18877
18983
19033
19093
19090
19063
18932
19156
18917
19039
18944
19245
18970
18733
18815
19122
19246
19002
19440
19096
19041
19272
18646
19288
19403
19246
19364
19041
19105
19303
19282
18816
19232
19095
19196
19221
18896
19026
19051
19238
18875
19246
19285
19233
18889
19230
19170
19344
18894
18853
18637
18749
19009
18931
19045
18944
18727
19132
19132
19049
18908
19277
19388
18869
18995
19201
19119
19380
19172
19299
18957
18947
19005
19027
19232
19192
19030
19379
18919
18826
19619
19161
18999
19232
19320
19306
19152
19261
18873
19056
18846
19484
19200
18778
19259
18839
19262
19228
18818
19484
19117
19246
19198
18824
18860
19038
19261
19420
19024
19008
19284
18921
19173
19104
19156
19217
18941
19370
19031
18872
18877
19258
19246
18726
19055
19093
19408
19134
19020
19010
19246
18958
18704
19278
18575
18937
19339
18976
19160
18841
19107
19258
19064
18908
18860
19077
18749
19122
18891
18579
18951
19371
19208
18563
18947
19499
18973
19403
19056
19069
18610
19147
19023
19032
19403
18954
19122
18747
18627
18640
19274
19152
19264
19222
19206
19110
18729
18976
19279
19132
19484
19162
19225
18920
19179
19426
19188
19107
18977
18761
18749
19117
19032
18987
19170
19025
19053
18791
19181
19014
19197
19024
19255
19055
19062
19335
19303
18806
19098
19063
19208
18728
19085
18921
19273
19267
18873
18885
19395
19032
19224
18937
19055
19351
19031
19153
18958
19122
19018
19316
19185
18892
18935
19223
19091
18897
19106
19203
19339
19236
18932
19132
18547
19216
19371
19355
18950
19029
18814
19027
19377
18976
18837
19276
19044
19025
19300
18948
18973
18923
19215
18930
18841
18809
19388
19281
19031
19283
19139
18911
18936
18956
19383
19038
19065
19104
18745
18878
18973
19147
19379
19189
19348
18855
19100
19291
18958
19133
19128
19369
19192
18961
19461
19017
18952
19462
19378
18731
19187
19331
19118
18975
19108
19078
19145
18920
19231
18954
19085
19429
19201
18884
18999
19364
18800
18722
19034
19098
18927
19235
19262
19150
19129
18782
18982
18975
18998
19335
19205
19569
19370
19105
18909
19151
19006
18870
18969
19016
18924
19062
19265
19196
19113
18594
18907
18833
19294
19338
19106
19203
19376
19094
18973
18496
19224
18878
19373
19132
18986
19102
18965
18866
19137
19084
19094
18899
19126
19220
19412
19140
19169
19225
19224
18740
19137
19262
19003
19090
19337
19334
19023
19436
18810
19039
19298
19101
19268
18719
19028
19278
19313
19201
19005
18929
19127
18990
19046
18916
18892
18787
18989
18826
19099
19311
19284
18727
19070
19261
19198
19170
18747
18921
18547
19268
18946
18813
19111
18982
19010
18904
19222
19487
18864
19253
19018
19067
19231
19213
19336
19118
19165
18840
19208
19118
19270
19396
19116
18834
18968
19070
18989
19056
19069
18802
19212
19067
19039
19307
19574
19200
18839
18796
18912
19343
19126
19349
18845
18894
18924
19050
19086
19145
19072
19171
18985
18693
19604
19095
19261
19117
19040
18939
18747
19199
18998
18971
18940
19104
18870
19171
19162
18944
19440
18820
19174
19133
19130
18864
19044
19149
19178
18942
19166
18947
18850
18676
18944
19199
19208
19257
18884
18805
18878
19315
19541
18972
18994
19291
19208
19582
18668
19255
18820
19009
19176
18952
19041
19134
18993
18949
18814
19008
18484
19275
19089
19327
18747
19036
19413
19064
19159
19305
19185
19134
19288
19409
19153
19044
18831
19538
18781
19396
18983
18779
19494
19107
18926
19250
19120
18876
18833
19159
19250
19229
19100
18918
19016
19392
19354
18985
19226
19534
19130
19044
19427
19088
18960
19228
18922
19157
19152
19368
19238
19006
18914
19046
19260
18944
19087
19238
18861
18707
19405
18921
19340
19294
19119
19083
18995
19063
19092
19077
19261
19311
18882
19130
18985
19341
19211
19317
18898
19129
19238
19254
19006
18967
19097
19177
18908
19110
19214
19113
19178
19114
19368
19048
18800
18727
18974
18721
19158
18708
19140
19147
19021
19312
19262
18900
18975
19341
18818
19259
19126
19347
19056
19373
19168
19333
19166
19222
19297
19108
19034
18881
19028
18956
19208
18919
19267
19233
18764
18835
18960
19090
19272
18903
19615
19170
19332
18799
19172
19286
18851
19194
19279
18906
18833
19128
19013
18810
18989
19282
19149
19181
19297
18797
19142
18907
19185
19459
19271
19173
19162
18923
18965
19129
18934
19380
18976
19130
18998
19127
19004
18754
18558
19167
19108
19066
19157
18879
18747
19430
19232
18857
19179
19037
18882
18876
18497
18785
19379
19108
18839
19146
18972
19036
19304
18814
18914
18992
19136
18887
18942
19308
18965
18915
18889
19578
18917
19245
19412
19049
18943
19012
19242
19224
19049
18786
19006
18989
18933
18949
19327
19322
19179
19146
19146
19159
19089
19201
19214
18878
18875
19235
19232
18973
18943
18755
19202
19150
18924
19046
19037
19122
18975
19323
19078
19276
19045
19090
18920
19106
18837
18766
18997
19388
19077
19082
19234
18901
18970
18812
19135
19115
19305
18805
19307
19190
19064
19178
18988
19035
19006
18570
19081
18843
18718
19444
19347
19087
18779
19221
18971
19171
19319
19328
19146
19072
19159
18899
19480
19079
18806
19035
19048
18896
19169
19141
18998
19202
18686
18777
18973
18696
18910
19021
18899
19312
19139
18970
18942
19176
18878
19166
19049
19017
19046
19025
19271
19229
18813
18997
18843
18986
19346
19183
19015
18826
19011
19469
19300
19227
18914
18861
18917
19131
19287
19027
19026
18994
19206
18870
18734
19076
18768
19105
19259
19356
18849
19166
19137
18781
18681
19034
19393
18961
19001
19166
19081
19271
19063
19099
18733
18860
19035
19076
18946
18710
19228
19062
19168
19408
18989
18741
18983
18969
18927
18899
18991
19228
19244
19184
19075
19046
19033
19035
19082
19058
19151
19104
19065
18913
19158
19127
19162
19014
19187
19154
19400
18928
19176
19026
19294
18903
18825
18939
19105
19262
19164
19298
19189
18940
19376
19024
19001
18802
19053
19176
18876
18881
19096
18984
18999
18856
18961
19394
19393
19313
19258
19018
19114
19133
18907
18867
19089
19151
18894
19162
18908
18846
18925
19245
19403
18872
18939
19177
18758
19171
19189
18854
18967
19092
18704
19207
18701
19111
19160
19034
19140
19195
19103
19013
19391
19088
19066
19121
18987
19305
19249
19090
19404
19422
19281
19074
19116
18969
18937
19036
18995
18883
19090
18743
18832
18859
19174
19194
19421
18899
19174
18771
19243
19022
19237
18994
18825
19069
18810
19305
19162
18953
18846
19034
19112
19511
18863
19185
19053
19274
19052
19049
18931
18942
19076
18987
18868
19573
19251
19269
19099
19045
19279
19144
19262
19226
19280
19012
18765
18864
19007
19060
18771
19156
18913
19237
19273
19181
19213
18889
19269
19248
19099
19082
19023
19235
19359
18690
18990
19069
18963
18998
18824
18961
19116
19269
19390
19061
19170
18805
19429
18891
19259
19167
19017
18682
19149
18974
18894
18990
19290
19360
18982
19314
19099
19351
18874
19309
19458
19184
19178
18791
19054
19147
18809
19050
19113
19050
19408
19250
19312
19090
19390
19129
18993
19080
18833
18877
18843
19027
19193
19137
19289
18724
19442
19282
19198
19212
19188
18757
19096
19238
19307
19210
19314
19056
18709
19037
18681
18741
19468
18598
19263
19077
19128
18708
19257
19211
18917
19443
19206
18910
18748
19167
18894
19109
19334
19170
18917
19379
19409
19014
19145
19086
19131
18748
19252
19104
19113
19298
18741
19167
19097
19458
19016
18671
19339
18853
19048
19204
19032
19300
19060
19037
19332
18900
18916
19246
18971
18892
19065
19178
19408
18906
19115
19027
19090
19145
19133
18866
18824
19276
19170
19242
19022
19097
19280
19209
19098
18914
19105
19275
19016
18972
19287
19265
19022
19370
18996
18906
19089
18844
19493
18940
19038
18813
18950
19090
19152
19193
19566
18888
19033
19184
19135
19043
19246
19143
19160
19172
19260
19177
19135
19238
19139
19180
19009
19022
19142
19046
19048
18768
19102
18957
18883
19395
19051
19247
19032
19057
19271
19045
19426
18842
18701
19000
19043
19020
18965
19264
19063
18946
19106
19635
18971
19079
19084
19165
18694
19007
19403
19080
19196
18874
19195
19045
18995
19059
19064
18993
18914
19198
18916
19166
18888
18968
18904
19267
19081
18994
19123
19247
18672
19057
19019
19400
18977
19151
19301
19147
19027
19076
19102
19088
18810
19059
18826
19009
19152
19023
18899
19184
19056
19135
19034
19188
19410
19006
19364
19005
18690
18913
18877
19108
19005
19020
18884
19247
19197
19226
19180
19163
19192
19279
18852
19126
19096
19240
19260
18807
18962
19133
18790
18827
18669
19166
18830
18860
19270
19187
19069
19286
19237
19232
19270
19258
19306
19221
18794
19425
18902
19006
18787
18820
19357
19449
19244
19179
19266
19024
18902
18802
19492
18882
18675
19098
19191
19169
18857
18927
19329
18901
19001
18379
18916
18840
18894
19414
18992
18823
19194
19268
19203
18853
18920
19242
19006
19100
19025
19136
18810
19382
19057
19088
19130
19213
19014
19276
19083
19046
18899
19070
18979
19150
19160
18970
18770
18960
19097
19102
19042
18977
18955
19072
19349
19150
19356
18955
19144
19501
18911
18661
19059
19018
19286
19630
19074
18993
19063
19383
19255
18587
19145
18853
19123
19169
18845
19081
19243
19001
19022
19313
19125
19047
19370
19042
18965
18888
19771
18977
19015
19111
18930
18588
19030
18953
18979
19175
19299
18782
19347
19354
18843
18933
19070
19032
18995
18888
19248
18960
18979
19276
18957
19103
19181
18793
18957
18909
18699
18713
18878
19290
19505
19417
19165
19417
18907
19242
18461
19295
19129
19248
19060
19071
18737
19476
18825
19215
18994
18553
19250
19116
18917
19307
19165
19137
18873
19202
19016
19155
18820
18972
18932
19106
19218
19140
19251
19051
19046
19197
19075
18860
18790
18660
19060
18975
19054
19040
19052
19001
18985
19108
19012
19269
19080
19271
19059
18795
19149
19280
19055
18783
19057
19047
19029
19048
19089
18740
19241
18954
18908
19378
19294
19556
19042
19240
18982
18868
19133
18698
18573
19175
19110
19070
19310
19476
19313
18970
19114
18917
19412
19042
19093
19030
19444
18775
19062
18958
18690
19202
19287
18922
18851
19026
18846
19135
19214
18921
19174
18660
19045
19065
19398
19384
19303
18907
19312
19143
19166
18988
19225
19081
18955
19134
19153
19179
19073
19102
19248
19291
19045
18789
18901
18930
19158
19250
19011
19202
19221
18856
18916
18892
19140
18825
18822
19446
18965
19020
19259
19052
18848
19160
18694
19356
18536
19044
19260
19112
18812
19354
19346
19073
19191
18905
19216
18685
19172
18972
19176
19243
19230
18881
19131
19262
19033
19011
19159
19163
19182
18867
19147
19028
19030
19075
19065
18965
19241
19161
19406
19458
19105
18986
19011
18814
19078
19239
19412
18779
18666
19260
18980
18821
19221
19033
19306
19328
19263
18729
19231
19057
18630
19204
18846
18813
19072
19356
18969
19450
19163
19291
18903
19222
19158
18883
19252
19159
18947
19225
19247
19046
18880
18963
19087
18912
19022
19160
19286
19359
19018
19084
18874
19364
19073
19137
18725
19333
19342
18483
18844
19093
19231
19299
19092
19286
19295
19139
19122
19209
19067
19265
18915
19439
19112
18761
19024
19008
19012
18834
18912
19022
18802
18960
19128
18886
19186
18824
19276
19303
19038
19047
19297
19130
18877
19196
19378
19204
19014
18793
19091
19276
19161
18769
19267
19053
18949
19121
19039
19279
19141
18754
19307
18908
19234
19423
19114
19334
19147
19088
18930
19071
19126
18896
18957
19184
19209
19388
19002
18854
19365
19115
19353
19034
19288
19190
18905
18755
19053
19212
19032
18930
18733
19210
18928
19079
19180
19129
19217
18600
19568
19211
19224
18868
19022
19064
19067
18739
19201
19200
19056
19061
18992
18982
18773
19102
18931
18917
19321
19065
18732
19297
19097
18586
19445
19272
19005
19074
19339
19336
18923
18893
19103
19109
19174
18999
18940
19046
19297
18963
18883
19517
18981
18796
19457
18462
19187
19259
19120
18989
19273
18358
19145
19177
18995
18658
19192
19114
18907
19527
19222
19316
18853
18993
19289
19312
18878
18858
18691
19268
18961
19097
18980
19122
18907
19420
19124
18719
19166
19252
18983
19168
18931
18798
18720
19050
19200
19148
19092
18789
19275
19301
18754
19110
18925
18728
19191
19006
19149
19130
18805
19160
19466
19476
19080
19196
19319
18869
19101
19443
18924
19246
19142
18735
19012
19160
19215
18795
19065
18785
19010
19085
19060
19083
18655
19123
18955
18963
19157
19304
19228
19104
18736
19009
18965
19000
19238
19215
18847
18924
19049
19156
19230
18997
19070
19029
18706
19149
19171
18865
19033
18831
19253
19282
19010
19174
18623
18767
19267
19181
18997
18974
18976
19456
18910
19192
18893
19279
19083
18945
18828
19130
19093
19025
19255
19302
18915
19152
18760
19574
19270
19170
19044
18942
19047
19447
19306
19215
18838
19128
19347
19200
19449
18682
19132
19476
19040
18845
18883
19280
18894
18906
19182
19321
19126
19316
18842
18878
18875
19069
19033
19281
18974
18912
19092
19488
19248
18909
18821
19144
18736
19253
19323
19306
19416
18440
18807
19198
19145
19105
19006
19632
18882
19148
19196
19300
19034
18948
19197
19268
19187
19074
19010
19005
19290
19123
19194
19166
18881
19000
19139
19169
18824
19099
19307
19223
18795
19050
18887
19159
19321
19041
19342
19444
19018
19017
18875
19034
19059
18903
19057
19265
19269
19096
18975
19161
19004
19002
19215
18897
18867
19110
18955
18905
19241
18882
19049
18697
19257
18931
18986
19071
19280
18831
19290
19150
19305
19422
18984
19322
19006
19271
18934
19157
19207
18879
19354
19175
18861
19389
19121
18641
19103
19158
19125
19119
18989
18801
19220
19230
19014
19060
19003
19134
19292
19216
19042
19099
18992
19166
18820
18919
19031
19002
19008
19020
19238
18870
19150
19275
18830
19159
19412
18996
18970
19127
19086
19159
18879
19035
19039
19136
18938
19106
18973
19097
19138
18854
18810
18732
19148
18860
19253
18997
19241
19062
19099
19022
18512
18665
19476
18811
19158
19027
19078
19154
19295
19107
19004
19258
18860
18710
19068
18919
19194
18975
19218
19202
19216
18890
19081
19121
19439
19323
19235
18989
19409
19472
19110
19575
18918
19047
19087
19393
18983
19052
19316
19057
19079
19349
18881
18966
19441
18834
19187
19104
18948
18555
19047
19278
19280
19142
18864
19322
19051
19071
18974
19079
19217
19029
19033
19006
18927
19086
19144
19403
19249
18892
19229
18725
18975
19371
19028
19052
19267
18938
18794
19069
18610
19407
19268
19018
19354
18998
18843
19338
18824
19058
19271
19011
19368
19563
19080
18923
19009
19255
18694
19079
19264
18937
18972
19380
18907
18949
19225
18934
19079
19091
19234
18687
19207
19072
19293
19374
19189
18983
19181
19040
18963
19127
19283
18926
19282
19086
19352
19069
19206
18727
19028
19014
19196
18952
18766
19154
19131
18868
19131
19186
19086
19388
18900
19400
19096
19171
19318
19174
19258
19193
19195
19001
19116
19070
18934
18716
19396
18896
19463
18912
19193
19285
18926
19387
19266
19173
19096
19258
18918
18855
19010
19104
18875
19029
19471
19072
19159
18909
19063
19036
19042
18992
19610
19024
19279
19102
19242
19034
18998
18865
19021
19237
18823
18894
18953
19160
19083
19015
19078
19132
19084
19181
18908
19112
19184
19199
19153
19198
19285
19303
18740
18990
18943
19253
19291
19374
18990
19048
19370
19407
19402
19046
18874
18926
19054
19013
19286
19181
18808
19403
18872
19070
19293
18999
18891
19269
19030
19133
18929
19011
18836
19080
19099
19219
19376
18694
18802
19127
19100
19272
19177
19021
19269
18855
19336
19021
19174
19161
18969
18744
19119
18970
18995
18960
19070
19140
19125
19289
19327
19030
19198
18933
19018
19075
19203
19176
19448
19134
19163
19109
19202
19068
19182
19353
19239
18924
18756
18987
19295
18800
19014
18981
18828
19086
19086
19054
18974
19121
19125
18806
19060
19244
18876
18979
18825
18943
19232
18983
19145
19332
19222
19069
18813
19515
18655
19096
18747
19166
18788
19184
18919
19024
18906
19263
18916
19055
19006
18975
19338
18937
19284
18929
18896
19197
19105
19286
19119
18980
19227
19078
19004
18822
19140
19151
18908
18808
19077
19102
19215
18871
18751
19069
18949
18906
19037
18610
19380
19067
19323
18926
19161
19114
19118
19164
18944
18912
19484
19199
18903
19473
19256
19241
19223
19065
18841
19024
18791
19006
19035
18935
18957
19079
19178
19016
18983
19148
19350
18919
19268
18769
18994
19047
18813
19162
18801
18771
18861
19229
18832
19226
19050
19488
19080
18912
19159
18515
19275
18838
19330
19150
19185
18958
18854
19344
18551
19380
18812
19285
19138
18731
18813
19306
18980
18822
19110
19101
19181
18875
19225
19072
18950
18876
19276
19170
19177
19375
18814
18987
19132
18947
18845
19033
19141
19179
19186
19315
18997
18992
19153
18889
19362
19021
19104
19578
19182
19097
18979
19247
18648
19042
18882
19429
19308
19172
18835
18920
18865
19137
19226
18900
18997
18874
18888
19184
19272
18835
19202
18959
18857
19567
19107
18929
18964
19123
19211
19000
19080
18763
19286
19220
19094
18903
19175
19506
19228
19283
18935
18990
19025
19197
19022
19206
19505
19307
19368
19366
19194
18893
19152
18987
19144
19112
18902
19110
19209
19037
18746
19248
18774
18643
19253
19034
19218
19469
18920
19023
19526
18865
19182
18860
18959
18802
18902
19046
19202
18953
19145
19099
19006
19064
19321
19060
19181
19070
19044
18852
19229
18850
18908
19265
18961
18969
19047
18590
18961
18995
18987
18986
19215
19273
18998
19083
18795
19079
19214
19229
19429
19124
19093
19124
18971
19408
18688
19068
18800
18906
19376
19242
19173
19250
19537
19272
19062
19173
19390
18962
19427
18907
19026
19071
19535
19224
18730
18721
18788
18944
18651
18998
19250
19190
18892
19190
19145
18835
19195
18905
18957
18677
19373
18911
19269
19039
19059
19326
19171
19098
19153
19032
19215
19222
18916
19307
19020
19165
18862
19359
19143
19138
19214
18783
18975
18771
19261
19328
19078
19036
19007
19505
19317
18829
18700
19289
19081
19371
18855
18951
19119
18917
18933
19369
19269
18995
19244
19089
18935
19528
19002
19048
19117
19258
19299
19058
19120
19222
19049
18975
19184
19087
19186
18942
19174
19120
19274
19221
19239
19367
18986
19358
18838
18702
19240
18864
19121
18548
19075
19143
18764
19274
19088
18953
19329
19123
18781
18943
19114
18877
18861
18709
19424
19111
19294
19108
19079
19174
19055
19417
19051
18927
19461
19159
19269
19440
19530
19077
19222
18765
18713
19155
19266
19107
18964
19431
19053
19132
19241
19042
18947
18943
19044
18876
18874
18858
18858
19206
19299
18927
19076
19470
19404
19160
19119
19136
18996
19134
19689
19363
19383
18966
19009
19393
19269
19084
18889
18813
19207
19244
19080
18700
19423
18763
19322
19325
19038
19244
19213
19152
19185
18940
19237
18813
18977
19141
18957
19014
19227
19158
18923
19304
19386
18836
18809
19498
19072
18974
18948
19107
18994
19088
19428
18987
18949
19300
18868
19325
19032
18723
19410
18969
19150
19217
18770
19134
19177
18806
18770
19203
19253
19043
18877
18848
19099
19170
19163
19254
18956
19161
19018
19183
19251
18831
18975
18869
18774
19121
19085
18906
19221
19000
18908
19280
18698
19381
19101
19407
18969
19110
19201
19274
19206
19227
18818
18775
18911
18948
18996
18939
19127
19012
19081
19470
19128
19031
19039
19117
19100
19345
19163
19230
19141
18775
19206
18752
19188
19323
19187
19049
19156
19179
19262
19197
19232
19203
19199
18504
19112
19247
19013
19241
18970
19245
19084
18813
19235
19237
19324
18804
19045
19253
19174
19129
19116
18988
18933
18825
18855
18847
18639
19021
18997
18940
18496
19332
19001
19196
18944
19002
19129
18985
18981
18946
19370
19034
18998
18914
18845
19241
19233
18778
18943
18942
19032
19081
19046
19075
19431
19225
18928
18879
19093
19051
18844
19551
19160
19145
19044
18962
18959
19274
19196
19454
19118
19166
19435
18639
19204
19013
19442
18853
19223
18883
18909
19209
18919
18622
18919
18816
19570
19000
18915
19082
19248
18911
19138
19260
19055
19171
19373
19292
18957
19647
18962
19164
19235
19104
18743
19008
19534
18636
19114
18896
19095
19223
19434
19393
19360
18912
19204
19106
19239
19263
19362
19289
18963
18791
18980
18967
18913
19074
19050
19106
19372
18949
19060
19299
18978
18984
19125
18794
19205
19056
19134
19051
19228
18752
18772
19242
19210
19125
19031
19028
18656
18957
19335
18855
18691
18973
19327
18789
19270
18774
18828
19165
19131
18957
18810
19152
18786
19400
18925
19246
19133
19090
18894
19329
19035
19124
18787
18461
19310
19110
18959
19070
19078
19074
19127
19142
19036
18925
18819
19067
19317
18952
19051
19373
19100
19158
18779
18714
19038
18713
18807
19299
19012
19296
19315
19162
19125
18917
18940
19043
19137
18680
19095
18933
19388
19053
19033
19124
18978
19025
18959
18959
19148
19158
19139
18894
18837
19018
18967
19249
19242
19205
19199
19174
19051
19151
18999
18959
19291
19360
19053
19008
18478
18865
19258
19147
19238
19223
19152
19174
18847
18821
19059
19049
19095
19040
18772
19118
19095
18924
19147
19194
18949
18900
18911
19217
19215
19331
18999
19267
18779
19130
19238
19157
19225
19037
19085
19269
19084
19196
18853
19000
18952
18961
18915
18744
19116
19100
19319
19051
18960
19021
18853
19081
19263
19379
18965
19025
19299
19187
18859
19040
19331
18995
18889
19180
18879
18862
19017
19172
18759
18890
18943
19250
19185
18875
19169
19103
18853
19078
18977
19148
19272
19280
19002
18729
19064
18905
19260
19286
19200
19007
19002
19486
19000
19085
19506
18959
19104
19193
19290
18896
19178
19148
18916
19119
19533
19053
18765
18910
18722
19090
19184
19156
18867
18903
19038
19048
19157
18847
18991
19173
18933
19055
19110
19182
19598
19062
18974
19091
19264
18916
19181
19062
19038
19227
18997
19175
19213
19137
19157
18996
18903
19119
18854
19275
18910
19331
19009
18983
19411
18883
19376
18958
19044
19441
19231
19260
19440
19061
19274
19034
19014
18953
19224
19150
18863
19167
18804
19370
18738
19208
18989
19227
18511
19130
19025
19243
19165
19364
19146
19210
18933
18875
18843
19169
19373
18901
19210
18749
19142
19287
19200
18940
19638
19212
18672
19283
19195
19217
19056
19202
19163
18827
19456
19081
19216
18992
19119
19229
19264
19075
19092
19318
19123
18811
19120
19248
18890
19023
18847
18896
19260
18592
18922
19048
18870
19221
19069
19170
19063
18915
19057
19120
19468
18977
19108
19101
18804
19310
18850
18776
19266
19174
18730
19217
19279
19567
18907
19293
19129
19315
18957
19002
19174
19181
18920
19072
18791
19426
18834
18744
19032
19067
19246
19012
19354
18884
19069
19292
19285
19429
18797
19009
19119
19172
19241
19207
19059
19215
19381
18951
19207
19237
19151
19244
18857
19084
19067
19321
19553
19100
19181
19048
19144
19569
18996
19425
19096
18828
19327
19282
19146
19235
19470
18993
18942
18850
18923
19075
19236
19185
19391
19046
18799
18875
18825
19081
18892
19415
19209
18811
19039
19113
18918
18889
18949
19166
18756
18643
19384
19215
19065
18921
19411
19109
19247
19207
19109
19290
19032
19147
18591
18999
19526
19020
19338
19155
18904
19261
19003
19408
19348
19154
18890
18677
19599
19188
19282
19047
19189
18574
19270
19176
19183
19504
19019
19426
19282
19430
19118
19010
19145
19136
18920
18991
19021
18965
19360
19095
19242
19391
19065
19280
19175
19001
19227
19344
19080
19510
19373
19546
19116
19118
19212
18646
19137
19221
18744
19073
18639
18943
19125
19009
18981
18990
19282
19540
19545
18914
19272
18949
19016
19002
19253
19381
19194
18966
19021
19249
18869
19305
19388
18948
18975
19175
19468
19139
19192
19251
19069
18713
18877
18956
19106
19095
19247
19070
19041
18773
19325
19310
19004
18953
18771
18951
19222
18980
19041
19253
19306
19003
19192
19006
19341
19088
18825
19096
18821
18937
18808
18593
19233
18990
18732
19214
18976
18655
19000
19585
18875
19093
19215
18892
19076
18654
19202
19247
19391
18898
19005
19267
19120
19417
18974
19537
19202
19016
18867
18996
19215
19024
18954
19205
19140
18943
18909
19293
19103
19345
18909
19269
19175
19080
19227
19095
19299
19153
19164
19323
19042
19175
19150
18800
19085
18978
18823
19316
19445
19146
18814
19012
18802
19061
19122
18890
19286
19089
19088
19084
18983
19159
19327
19227
19148
19266
18968
18603
19166
19107
19151
19191
19496
18877
18827
19078
19402
19214
19282
19059
19446
18989
19020
19409
19110
19114
19266
19359
19095
19331
19218
19043
19273
18898
19138
19169
19088
19245
19053
19308
19361
18747
19400
19463
19284
19354
18920
19441
18743
19064
19399
19365
19142
18947
19068
19008
19010
19367
19219
19215
19049
18911
19522
19196
18988
18737
19438
19106
18935
19414
19298
18984
19195
19164
18984
19070
19264
19149
18833
19070
19203
18964
19385
19039
19143
19047
19149
19382
19125
18943
19365
19160
19099
18923
18509
18976
19291
18991
18897
18773
19036
18842
19340
19039
19473
19061
19228
19025
18945
19086
19044
19216
19348
19365
19021
19333
19204
18964
18713
18987
18721
18957
19297
19206
18951
19170
18984
18948
19291
19020
19161
19087
19521
19107
19248
18760
18636
19159
19258
18781
18841
19102
18719
19380
18848
19219
18682
18879
18924
19195
18880
19084
19242
19183
19220
19350
19218
19178
19019
19021
19392
19333
19012
19274
18780
19059
19010
19023
19191
19379
19123
19264
19234
19389
19274
19195
18681
19236
19162
18476
19116
19155
18951
19387
19201
19107
19179
19220
19135
19369
19149
19587
19306
19057
19044
18920
19059
18976
19091
19044
19276
18932
19083
18893
19139
19186
19172
19277
18991
18910
19161
19146
18980
19209
19344
19226
18972
18906
18972
18967
19133
18938
18806
18667
18877
19626
19076
19214
18798
18942
19364
18739
19137
19011
19352
19066
19557
19088
18977
19119
19097
19108
19325
19187
18952
18929
18702
18912
19314
18950
19197
19151
18957
18887
19105
19130
19225
18937
19276
19060
19305
18845
19268
19377
19088
19217
19323
19009
19117
19048
19364
18932
19134
19648
19118
19427
18818
19363
18962
19091
18789
18706
19189
18654
18781
18737
18967
19169
19039
19133
19234
19024
18838
18993
18979
19130
19343
18865
18963
19349
19098
18363
19159
18759
19079
19195
19091
19236
19358
19184
19106
19058
19218
19127
19118
19147
18957
19426
18993
18967
19518
19156
19051
19044
19295
19151
18973
19306
19242
19079
19179
18652
19046
18908
19065
19083
19152
19252
19208
18614
18658
19329
19245
18940
18445
19053
19046
19106
19042
18734
19325
19126
19492
19354
18602
19332
19053
18883
19258
19481
18863
19188
18812
19131
19027
19041
19268
19283
19088
19183
19088
18940
19276
19278
19068
19190
19190
19190
18934
19177
18834
19242
18728
19139
19068
19275
18808
19141
19250
19194
19188
18673
19112
19153
19395
18848
18803
19573
19144
18753
19012
19042
19100
19055
18968
19355
19011
19182
18733
19070
18781
19292
19326
19187
19212
19398
19453
19328
19037
18811
18931
19005
18902
19247
19037
19203
19051
19206
19134
18977
18957
18754
19045
19192
19065
19279
19090
18805
18891
19360
18899
18868
19018
19127
19149
18998
18740
19057
18996
19178
19326
19537
19266
18995
18800
18796
19165
19219
19302
19233
18276
18667
19011
19201
19016
18802
19386
19288
19272
19150
19194
19254
19495
18936
19124
19393
19018
19248
19062
19207
19247
18870
19424
19225
19098
19426
19192
19229
18927
18915
19092
19013
19115
19022
19200
18840
19118
19219
18880
18797
19221
19273
18872
19265
19218
19098
18812
19276
18972
19142
18774
18987
19019
19236
18909
19057
18901
19446
18786
19169
18973
19246
19067
19350
19003
19269
19176
19033
19156
19341
19084
18925
18619
18882
18934
18780
19440
18808
19101
19212
19157
19160
19396
18939
19199
18868
19101
19279
19319
19113
19033
19259
19015
19068
19329
18849
18872
18929
19012
18856
18860
19104
18878
19087
18941
18829
19251
19300
18947
18917
18810
19087
18987
19279
19226
19171
19229
18642
19087
19185
19362
18990
19220
19194
19025
19364
19341
19002
19501
19032
19209
18985
19027
19225
18932
19595
19039
18990
19244
19045
19458
19440
19178
19106
19018
19137
18927
18640
18792
19035
19120
18996
18778
18923
19025
19092
19101
19459
19135
19006
18939
19150
19073
19157
18975
19102
18484
19030
19343
18986
18917
19276
19363
18970
19135
19020
19124
19378
18863
18761
19242
19362
18851
18842
19031
18829
18919
18716
19081
18854
19361
18940
18901
19467
19182
19358
18881
19243
18963
18828
19058
19075
18959
19144
19165
19208
18779
19212
19508
19332
19160
19060
19328
19381
19446
18863
19008
19201
19109
19310
18827
19005
19442
19346
19233
19092
19283
19253
19317
19114
19109
19051
18773
19000
19061
18937
19005
19279
19224
18917
19199
19074
19169
19142
18869
19179
19240
18873
19055
19304
19416
18857
18657
18972
19292
19417
18955
19075
19352
18828
19306
18810
19486
18908
19014
18787
19061
18965
19118
19322
19343
19159
19417
19195
18986
19185
18980
19115
19121
19136
18912
19354
19201
18690
19085
18665
18961
19210
19140
19149
19155
19126
19102
19156
19077
19260
19144
19192
19166
19077
19097
19235
19110
18794
18896
18856
19093
19076
19038
19008
19110
19444
19041
19074
18635
19433
19016
19093
19040
18926
19234
19193
18833
19176
18659
19328
19239
18823
18891
18918
19312
18857
19101
18762
18997
19080
19361
18859
19240
18675
18945
19027
18797
19082
19010
18909
19355
19093
19134
19283
18982
19019
19258
19223
19391
18979
19119
19052
19023
18798
19218
19150
18660
18965
19176
18970
18695
19134
18917
18779
19030
19088
18899
18560
19339
19071
19243
19091
19217
18972
18612
19193
19059
19160
19357
19017
19297
19186
19332
18772
18855
19003
18956
19571
19383
18858
19334
19378
19183
18920
18787
19431
19126
19356
19074
19398
19131
18609
19108
19144
18999
18731
19252
19479
19150
19620
19123
19034
19109
18692
19174
19075
19124
19233
19374
18714
19070
19130
19376
19520
18846
18791
19151
18992
19011
19147
19163
19407
18840
19319
18948
19088
18950
19112
18896
18856
19057
18928
19224
19244
19352
19201
19208
18995
19308
19536
18873
19327
18833
19064
19339
19263
19160
19233
19340
18936
18831
18882
19145
19133
18993
18788
19069
19426
19524
18950
18992
18845
19070
19183
19439
19073
19175
19251
19413
18907
19194
19133
18990
18928
19418
19086
18853
19127
19163
18749
19119
19259
18900
18941
19124
18618
18899
19038
19142
19031
18999
19329
18977
18966
19175
19376
18782
19014
19008
18819
19147
18839
19166
18740
19065
19256
18966
19198
19010
19094
19177
18850
19322
19197
18913
19360
18927
19360
19327
18998
19106
19055
18843
19117
18937
19108
19257
19124
19216
19015
18786
19140
19152
19169
19481
19022
18864
19187
19035
18937
18614
19026
19261
18992
19100
19229
18759
19349
18817
19090
19207
19094
19240
19179
18796
18635
18705
19442
18843
19167
19071
19030
18730
19156
19017
19447
19270
18932
18880
18975
19053
19121
19276
19363
18895
19206
19093
19173
19132
18964
19017
19236
18911
18898
19086
19016
19120
19122
19014
19245
19178
19298
18885
19231
18974
19134
18956
19182
18913
19265
19406
18826
18832
19267
19090
19037
19023
18979
19043
19087
18918
19169
19029
19116
18991
19093
18926
19116
19237
18961
19160
19377
19353
18958
18921
19427
19238
18999
18857
19371
18929
18927
18919
19105
19233
19188
19205
18846
19201
19406
19052
19292
19285
18745
19061
19272
19529
18947
19022
19356
19131
18603
18995
19196
19429
19115
19134
19305
18837
19052
18828
19317
19131
19031
18907
19026
19163
18946
18952
18985
19026
19222
18884
19313
19137
18921
19111
19232
19163
18962
18742
19074
19366
19151
19123
19179
19211
18899
18766
18746
19024
19075
18764
18670
19046
19160
19083
19119
19051
19269
19164
19222
19322
18777
19264
19307
19411
19499
18878
18967
18913
18708
19164
19195
19071
19121
19426
19257
19000
18831
19215
18983
19160
19082
19310
19169
18944
19070
19091
19276
19408
19273
19157
19341
18949
19237
19008
19110
19285
18859
18975
19032
18943
19120
19477
19274
18807
