152751
151894
153807
153301
153009
153698
153506
153324
153369
152494
153032
153166
152824
153198
153730
152730
152740
153300
153490
153871
153128
153096
152756
151971
153181
152626
153578
153178
153258
152660
152641
153228
152835
153448
153130
153293
153600
153178
153836
153175
153579
152559
152921
152614
153658
152325
153195
152250
153435
152845
152669
153163
153409
153798
153522
153202
153195
153371
153399
153400
153279
153296
153337
153411
153755
153701
152458
153432
153423
152752
152822
153246
152485
152663
152647
152760
153267
153303
153392
153529
153829
153231
152588
152807
152435
153400
152669
153370
152882
152560
152800
153700
153625
153138
153387
152572
153691
153196
152917
152937
152845
153207
152609
152525
153384
153428
152729
153119
152847
152811
153803
152973
152916
152734
152870
153063
153539
154107
153364
153902
152883
152632
153402
153526
152900
152676
152444
152913
153062
153631
152884
152697
153408
152790
154492
153515
154124
153336
153723
153426
153053
153389
153047
153212
153143
153481
153454
153540
154184
153520
153266
152867
153113
153738
153425
153171
152880
152435
153146
153699
153123
153596
153534
153250
153276
152921
153562
153391
153508
153183
152377
152754
153003
153502
153067
153321
153393
153356
152581
153461
152589
153966
153176
153161
152322
152977
153139
153014
152973
152292
152787
153295
152994
154417
153156
152620
153603
153624
152614
152915
152965
152922
152267
153097
153324
153001
153014
153124
153161
153597
152911
153129
153685
153720
152869
153010
153022
153029
153209
153468
153344
152366
153369
154685
152718
153307
153495
152448
154087
153564
153364
153605
153179
153728
152477
153736
152907
153680
153652
153185
152489
153524
152563
154347
153069
153533
153448
152268
153006
153458
152501
153610
153512
153768
153555
152560
152595
153192
152812
152969
153988
152939
153114
152705
152585
152880
152458
153375
153367
152461
153004
153298
153536
152764
152454
153100
152539
154075
152346
152921
153205
153362
152982
153740
152657
153041
153740
153515
152651
152790
152953
153318
153765
153293
152522
153702
153350
153038
153046
153374
153115
154105
153237
152455
152197
153331
152742
153089
152076
152258
152837
153438
153511
152675
152834
152492
152270
153510
152640
153293
152033
153417
152935
153000
153094
152761
153350
153352
153068
153123
153192
152880
153737
153473
153178
152747
153827
152796
153080
153568
152763
153311
152629
152472
152425
152822
153214
152692
153174
153125
152322
152270
153012
153855
154122
152931
153217
152555
153048
152339
153427
152688
154332
153432
153187
154023
152818
154135
153211
153220
153096
152272
153352
153716
153338
153841
152784
153477
153244
153023
153458
152722
152993
153001
153396
152955
153319
154029
154014
152900
152551
152788
153363
152666
152422
153675
153991
153122
153328
153359
152964
154032
153116
153132
153388
153039
153280
152782
152763
152653
152633
152795
153496
152699
153603
152594
152686
152936
153162
153837
152724
153450
152557
153199
152588
152908
152776
152378
153163
152643
153842
152750
152843
153386
153535
153758
153045
152984
153678
152972
152873
153031
152933
152730
153018
153586
153632
153503
153310
152888
152516
153198
152617
152654
153285
153437
152484
152645
153257
152407
153083
152839
152805
153969
153182
153383
152775
153360
154017
153324
153196
153386
153223
152877
152606
153240
152921
153163
152629
153877
153298
152846
153088
152969
152877
152572
153248
153978
153580
153365
153391
152961
153151
152838
152504
153057
154319
152548
152688
153779
152783
153071
152696
153171
152593
152975
153445
152811
152997
153054
152934
153111
152861
153401
153223
153849
152780
152383
152986
153174
153565
153651
152471
153606
153219
152990
153765
152288
154009
153584
153383
152777
153373
152720
153665
153286
152193
152841
152772
153511
153821
153343
153767
153957
153993
153059
153323
152761
153006
153353
153025
153843
153228
153990
152650
153176
152900
152949
153091
152898
153292
153773
152353
152420
153335
152506
153282
152201
153076
152832
153022
152898
153448
152569
151833
153397
152905
152416
152312
153747
153060
153679
153665
153727
152996
152617
153417
153694
153701
152444
153240
152895
152928
153111
152897
152466
152357
153103
153854
153825
153749
152750
153009
152921
153571
153909
153012
152688
153928
153395
153350
153207
153605
153241
152966
153402
152060
154361
154004
153013
153089
153824
152794
152829
153016
153006
153019
153089
152529
153690
153175
153242
152871
154239
153569
153088
152368
152796
152853
154299
153468
153816
153949
152796
153056
152097
152792
153342
152632
153590
153084
153363
153653
153558
154469
153265
152970
153151
153724
154943
153239
153108
153023
153064
153301
153176
153108
152717
152750
153189
153087
153332
153353
153790
153199
153496
152403
153988
152979
154058
151944
153265
153562
152774
152733
153464
152606
153540
153034
153034
153384
153233
153645
153009
152798
153417
153265
153980
152990
153343
152644
153106
153296
153038
153875
153708
153344
153692
152895
152888
153194
152139
153344
153876
153578
153284
152636
152732
153399
152835
152642
152840
152980
152703
153313
153303
153214
153838
152761
152804
153367
153158
153644
153214
152765
153468
153331
152919
152885
152815
153166
153767
153589
152976
153204
153482
153794
153397
152911
153393
153624
153634
152580
153567
153009
152444
152913
153341
152922
153788
152857
152072
152394
152880
153089
153037
152638
152215
154204
152832
152756
153489
153983
153400
152410
152314
153465
153336
152849
153893
153708
153603
152991
153024
152621
154015
152871
152805
152894
152222
153129
153103
153224
153100
152924
153601
153360
153279
154062
153154
152125
153242
152253
152812
153617
152211
153594
153628
153515
153476
152801
153526
152621
153640
153525
152701
152676
152988
153369
153109
152898
153396
152883
153026
152879
152963
152701
153398
152835
153399
152958
153047
152952
152748
153225
152613
153482
153298
153126
153911
152248
153587
152533
153464
153350
153000
152903
152403
152629
153375
152646
152042
153532
153326
153602
153577
153223
152962
152496
153422
153330
153790
153644
153231
153380
152698
152797
152657
152669
153582
154152
153178
152968
152853
153468
152605
152665
153384
153566
153616
153469
152390
153081
153003
153053
153271
152934
152975
152971
153433
153138
152410
153446
152887
153480
153477
153703
153018
152812
153453
153813
152895
153227
152796
153539
152497
152924
153819
153290
152635
153745
153044
153207
152714
152832
153140
152928
153779
152404
153117
152330
153158
152003
153599
153695
153122
152841
153081
152874
153066
153356
153246
153583
152967
153221
152526
152080
153572
152334
152805
153137
152826
153853
152695
153145
153279
152690
154219
154213
153338
153015
152942
152947
152327
153447
153615
152270
151739
152727
153292
152861
153346
152124
153782
153873
154240
153408
153369
152228
153065
153757
152494
153657
153918
153383
153370
153610
153501
152669
153004
153115
153051
153489
153670
153587
153064
152724
153780
153473
153482
152752
152776
152545
153311
153351
153013
152748
153135
153326
153036
153491
153158
153256
153269
153145
153113
153805
152775
153668
153986
153571
153077
152677
152813
152687
153335
153052
152556
152693
153537
152569
152895
152657
153381
153023
153384
152671
152896
153516
152876
153302
153351
152989
153326
153182
152817
152715
153620
153425
153516
152902
153741
153323
153279
153616
153623
153878
153204
152366
153273
152419
152708
152467
153362
153523
153755
152967
153516
152809
152587
152795
152814
153045
153472
153031
153495
153351
152431
153297
152828
153302
153054
152576
153137
153266
153014
153946
152890
152900
153145
152866
153859
153534
152634
153079
153375
153487
153060
152920
153544
153063
153773
153491
153275
152655
152992
152939
152971
153571
152728
153263
153330
153261
153241
153901
152742
153156
152667
153137
153206
153155
152989
152842
153304
153023
153106
153372
153454
153032
153208
152142
153554
154314
152586
153066
153324
152803
153091
153511
152713
152939
152783
153582
152807
153775
153086
152849
153468
152468
153964
153375
154248
152737
152723
152859
153119
153078
152996
152969
153564
152794
152740
153421
153776
153766
152993
152846
152869
153167
153491
152859
152840
152440
152209
152831
152658
153934
152887
152262
152963
153482
152624
152723
152842
153407
152668
153426
153308
152884
153898
153408
152467
153817
153023
152831
153309
152379
153731
153099
153520
153653
153791
152710
153077
153921
152909
154088
153214
153025
152203
153111
153219
153007
152676
153559
152893
152862
152677
152988
152880
153044
153090
153427
153325
152812
153616
153495
154153
152439
153598
153274
153547
152869
153070
152969
153576
153076
153682
152798
153199
153739
153070
153029
153979
153693
153232
153586
153156
153504
153877
152600
153154
153431
153101
152677
153782
154299
153236
153181
153415
152701
153349
153049
152407
153075
152688
153161
153288
153684
152667
152841
152601
153421
153402
152925
153452
153728
152939
152412
153731
152898
152446
152806
152968
153110
152505
152894
152902
152438
152573
153331
153083
152773
152765
153606
152590
153606
153113
153092
153830
153141
152748
153156
153050
152851
152483
152616
152842
151744
152846
153089
152641
152983
153179
152739
153108
152985
153461
153182
152792
153324
153179
153542
153663
154203
152667
153008
152215
153582
153206
153833
153331
153379
152526
153742
153962
153100
153323
152169
153503
153636
153395
153176
153533
153494
152559
153766
152307
152678
152800
153210
152694
153071
153418
153438
153474
152196
152994
153167
153407
153889
152606
152217
152622
152686
152595
153850
153360
153100
152609
152015
153700
152709
152539
153308
153809
152917
153063
152672
153536
152859
152159
153275
152617
152727
153087
153664
153462
152936
153160
153529
153359
152586
153661
153703
153010
151998
152629
153216
153158
153071
153240
152770
153618
153236
153727
153197
152807
152801
153772
152783
153665
153420
153125
153710
153412
152535
152923
153386
153371
154267
153302
152912
153411
153512
152100
154092
153764
153195
153805
153520
152998
152548
153386
153211
152863
153441
152752
152392
152812
153282
153300
153669
153504
152965
152408
152791
152925
153085
153009
152952
153526
152773
152895
152631
152979
152955
153124
153595
153406
153338
153112
153361
153747
151873
153346
153907
153581
152546
152682
153263
153326
152964
153509
153205
153555
153112
153357
153098
154214
153300
152200
153327
152390
153923
153988
153145
152538
153071
152574
153436
153538
153635
153355
153567
153130
152845
153406
152859
152598
153032
153512
153235
153455
153435
152575
152521
152483
152771
153230
153112
152246
153186
153989
153042
153479
152446
153267
153026
153380
153709
153287
152604
152943
154187
152739
152917
153190
152384
152499
152835
153063
153113
153176
153459
153497
153764
153311
152982
153391
152707
153075
152935
152776
153700
153705
153067
153286
153553
152508
152755
152851
152947
152996
153596
152915
153143
152410
153084
152892
153011
153466
153223
153337
154324
154032
153159
153183
153896
152739
152838
153353
152945
152846
153086
153513
152606
152954
152648
153201
153344
151965
154064
153549
153224
152486
153713
152973
152621
152498
153088
152896
153286
152853
152838
152387
152742
153498
152870
152380
154054
153438
153242
152778
153744
152642
152965
152945
153190
153415
152725
153183
153448
153501
152876
152827
152451
153666
153739
153256
153217
152944
153244
152976
153830
153106
152631
152987
152447
153281
152737
152692
153573
152297
153193
153485
153449
153046
152667
153321
153814
152912
153548
152261
152835
154008
153570
152731
152812
153037
152593
152662
153548
152585
153312
153053
153982
153216
152996
152866
152855
153925
152237
153302
152531
153243
152728
152889
152434
152556
153743
153408
153064
152572
152571
153571
153267
153526
153134
153636
152814
153289
153375
152958
153055
153243
153114
153130
153231
151886
153057
153309
153254
153849
152849
153308
153457
152866
153871
152901
152757
152895
153115
152897
152806
153732
152904
153445
153284
152874
152722
153044
153109
153742
153959
153742
152983
153025
152243
153157
152977
152992
153178
153453
152204
153667
153873
153158
154051
152611
153801
152666
152507
153467
152210
152586
152347
153064
153142
153830
153689
153625
152447
153561
153033
153923
153072
153121
153255
153774
153146
153026
153720
152826
153343
154007
153291
152717
152618
152410
152430
152758
152828
152969
153300
152965
153713
153073
153168
152512
153287
153094
153509
153009
152357
152658
152749
153492
151984
153073
153618
152730
151986
152507
152097
154308
153561
153545
152411
153055
153369
153028
151780
153646
152933
153448
152887
152862
152231
153269
153191
152556
152156
153815
153822
153044
152708
153163
153166
153453
152461
152604
153038
153433
153161
153191
153109
153374
153731
153969
153965
153198
153483
152899
153677
152703
153148
154142
153073
153009
153365
152274
153606
153585
153081
153106
153067
152918
153493
153835
153451
153814
152625
153253
152879
153179
153554
152749
153313
153750
152602
153840
153281
153023
152699
153697
153427
153282
152590
153189
153617
153148
153008
153250
152712
152498
153351
152727
152819
154148
153677
152880
152977
152823
153571
153642
152733
153300
153121
153540
153587
152739
153266
153538
153144
152398
153424
153661
153267
153571
152436
153881
152815
153777
153258
153021
153520
152843
152277
154036
153160
153392
152737
153562
152723
153313
153386
152603
153532
152765
152946
152739
153467
153709
153738
152289
153689
153033
153367
153064
153760
153430
153013
153330
151208
153601
153851
153796
153395
152213
153523
153563
152480
153799
152008
152511
153678
153242
153323
154252
152861
153032
152267
152921
153334
152643
153394
152176
153431
153212
153492
153318
152718
152084
152516
153579
152980
153136
153117
153038
152561
153648
153713
152230
153626
153444
152114
153027
153303
152755
153425
153085
152793
153329
153258
153847
152886
153132
153507
153149
153138
152824
152666
153343
152547
152577
153137
153131
152616
152212
153563
153418
152981
152846
153574
152181
152235
152995
152718
153030
152829
153688
153657
153579
153580
153472
153237
153521
152955
152593
153220
153386
153055
153458
153229
152833
152820
153719
152331
152618
153560
152998
153359
153301
152299
153098
153623
153612
153712
152759
153045
153079
152455
153173
153244
152922
153176
152378
153161
152910
152860
152720
153072
152949
153461
152812
152744
152701
153193
153278
153466
153491
153708
152497
153187
153821
153718
153085
152048
152784
153378
152569
152768
153523
152896
153252
153203
153262
153525
153413
152859
153506
152998
153875
153126
152497
153534
153104
153153
152916
152811
152773
152894
151997
152857
153196
153682
152368
152536
153180
153404
153661
153542
153680
152370
153861
152558
153877
153945
153504
153570
152915
154094
153239
153595
153498
152843
152899
152895
152604
152987
153125
153052
153596
153216
153285
153205
152927
152265
153462
153185
153134
152930
152674
153433
153612
152373
152862
153200
152880
153577
152985
153481
152706
153871
153259
153826
152405
152716
152904
153297
152704
152683
153109
152762
152958
153428
153930
153073
153716
153141
153460
152865
152855
153332
152854
153651
153081
152732
153292
153167
152513
152874
153405
153447
152986
153826
152846
153034
153292
153477
152665
152857
153354
152670
153636
153335
153373
153175
153690
152634
153261
153178
153305
153000
152958
152583
151987
152846
152562
153118
153889
152647
152670
152582
153593
152763
152552
153064
153329
153132
153172
153191
152301
153113
153397
152449
152411
153186
153250
152846
152213
152842
153501
153289
152392
153742
152908
152875
153259
153488
153188
153274
153466
153886
152117
152943
152080
153388
152918
152981
152810
152993
153770
153002
152690
152536
153564
153126
152637
153643
152994
152984
154371
153803
152931
153177
153356
153598
153117
153237
153734
153544
152817
153053
152856
153858
152703
152756
153103
153759
153516
153075
152854
153764
152677
153280
153256
152924
152934
153497
152140
152940
153627
152718
151636
154151
152669
153346
153163
152471
153199
153693
153275
152525
152647
152643
153053
153381
152981
154286
152849
153301
153031
153604
152852
153180
152996
153986
152546
153377
153530
152787
153348
153323
153125
152694
153019
153137
152056
153370
153453
152795
153404
152771
151704
152431
152650
152793
153611
152578
152600
153059
153519
153220
153984
152698
152521
152682
153792
153673
153217
154056
153673
153012
154370
152868
153344
154461
153554
153111
153160
154220
153053
152730
154028
152967
152497
153581
153572
153098
152970
153011
153435
153784
153129
153124
153007
153553
152820
154495
153169
152135
153477
153023
152259
152848
153606
153414
153111
153212
153108
153011
153693
153486
153577
153521
153430
152629
153305
153365
152803
153770
153092
153048
152786
153120
153401
153743
153618
154016
153916
152680
153782
153080
153269
152434
152876
153373
153455
152890
153556
154225
153439
152981
152965
153346
152950
153114
153512
153060
153049
152559
153035
153872
153825
152587
153262
153271
152786
153336
153827
153263
153218
153111
153056
152792
152738
153170
153006
154201
153059
153671
152786
153826
152658
153157
153008
152914
153633
153578
153117
153717
152739
153469
152483
153486
152761
153758
153210
152934
153166
153000
153400
153665
153891
152742
153524
152834
153428
152882
153132
153679
152540
153921
152882
153083
153532
152451
152401
153874
152646
152626
152689
152924
153275
153456
152670
152529
153065
152102
153667
152950
153182
153496
152870
152538
152595
152998
152531
152436
152996
152499
153127
154340
152707
152733
152840
153394
152883
152722
153271
153344
152145
153543
153292
153231
152706
153118
152812
153469
153352
153959
152523
153821
152893
153128
153355
153179
153548
153316
152728
153526
153623
153857
153342
152968
152633
152115
153565
153602
153718
152761
152748
152423
153779
152986
153736
153327
153241
152428
152437
153337
153227
152328
153337
153346
152638
153098
152812
153540
153180
153133
153559
152763
152975
153242
153853
152322
153102
154033
152072
153426
152197
153568
153407
152628
151958
153663
153574
152832
152678
152945
153215
153267
153276
153570
152734
153093
152923
152373
153214
153197
153600
153553
152169
152903
152236
152730
153074
153263
153207
152496
153214
152380
152787
152826
153057
152827
153407
153387
153111
153254
153731
153345
153093
152972
153560
152858
153667
154121
152074
153194
153197
152935
152298
152879
152868
153074
153274
152361
152954
152136
153003
153048
153443
152490
153395
152603
152693
153374
153468
153222
153409
153227
152844
152843
152685
154037
152713
152879
153713
152813
152843
153514
153283
152583
153223
153113
153080
153350
153467
152883
153391
153274
152942
153436
152739
152443
153630
153392
152383
152886
152982
153136
152317
152533
153542
152472
152850
153269
154041
151984
153129
154267
152937
152940
153137
152755
152474
152750
153166
153002
153459
152033
153151
152655
153600
153065
153756
153351
152844
153175
152588
153238
153422
153896
153371
152580
152725
153393
153491
153077
152756
153579
152902
153043
153424
153027
153223
153039
152864
152867
153185
153223
153597
153990
152569
152868
153048
153690
152465
152846
153238
153289
153735
153085
152920
153099
153544
153347
153434
151859
152930
153854
153298
153137
152478
153149
153669
152276
153465
152963
153796
153031
152381
152881
152867
153529
152575
152785
152650
152732
152541
154045
152638
152861
152861
152820
153500
153410
153797
153948
153129
152497
152145
153388
153148
152916
152501
153737
152782
153150
153174
153558
153078
152943
153650
152667
153219
152381
153802
153427
153638
153212
153287
153377
153377
153211
153599
152951
152666
153604
153145
153419
152373
153006
153037
153323
153307
152900
152790
153335
153227
153329
152858
152900
152680
153131
153322
152578
153223
153219
153086
152423
154246
153389
152748
152975
153246
153394
152654
153334
153503
153305
153515
152907
152670
153349
152710
153161
153845
152528
152793
151725
153489
153166
153048
153446
152500
152954
152968
152702
153447
153248
152458
153136
152331
153504
154041
153368
153095
153089
153285
153393
153562
152631
153405
152951
152842
153469
152736
153421
153467
153354
153290
152968
153275
153403
153330
153036
152528
152124
153513
152583
152474
153261
154010
152241
153160
153660
152973
152916
152051
153117
153185
154316
152724
153329
152424
153613
153366
153153
153860
153460
152649
153227
152308
152816
153373
153173
152647
153514
152381
153421
152484
153519
153475
152871
152873
152664
152728
154201
153145
153296
152856
152864
152906
152654
152966
153627
153627
153619
153536
153240
153002
153060
152684
152887
153103
153142
152414
153442
154149
152837
152471
152927
153696
151908
152800
152409
153581
152744
153472
153779
153435
153131
153493
152957
153504
153185
153253
153322
152668
152773
152982
153029
153408
153238
152914
152641
153229
153935
152482
153504
153385
153129
153942
152829
153315
152670
153022
153555
152993
153068
153048
153084
152420
152414
153307
153066
153314
153607
153889
153128
153514
152676
152432
152878
153403
153459
153124
153655
153131
153618
153149
153621
153567
152390
153118
153268
152224
152524
153007
153758
153083
152320
153037
153592
152269
152986
153529
153016
153320
152652
152300
153113
152445
153361
152589
152882
153267
153319
153149
153502
152846
152981
153617
154205
152913
153160
152993
153595
152458
153311
152788
152817
153106
152818
153088
153701
153343
152749
153133
153673
153107
153387
152997
153033
153271
152816
153141
152873
153044
152397
153312
153004
153180
153186
153391
153134
153323
152991
153805
153203
153781
152619
153299
152729
152829
153217
152702
153329
154082
153483
152003
153732
152471
153658
152909
152632
152831
152766
152600
152650
153461
153617
153381
152868
153810
152998
153645
154240
153113
153606
153053
152962
153232
153355
152631
153309
153389
153325
152829
153064
152789
153846
153266
153325
153807
153500
153029
152592
152601
154289
153191
153333
152952
153181
153723
152660
152892
154170
152746
152964
152714
153693
152616
152940
153106
152787
152482
153167
153307
152950
152563
153497
153204
152787
153023
153138
153290
153215
152378
152690
151533
153165
152833
153409
152897
153367
152875
153067
153582
153204
153612
154310
152405
153600
152841
153775
152819
152467
153333
152644
151916
154228
153732
152641
153355
153312
153488
153439
153769
153232
152998
153079
153812
152461
153240
153344
152972
153535
153035
154418
153261
153016
153880
153988
152330
152190
153061
152898
152904
153387
152867
152846
152382
153726
152984
153468
152168
152776
152844
153214
152834
153170
152264
152902
153451
153714
153323
152232
152918
152404
152885
153831
153338
154261
152303
153313
153291
152391
152491
153312
152429
153693
153438
153688
152955
153603
152273
153151
153940
152768
152700
153221
153366
153166
153095
153267
153201
153168
153689
153715
152801
153151
153908
152547
152847
152318
152798
152801
152913
153656
152715
153509
153114
153910
153690
153277
152772
153366
153648
152973
152292
152773
154035
152239
153370
153239
152932
152599
152306
153682
153554
152542
153752
153093
153048
152758
152846
152841
153656
152957
152818
153925
152082
152351
152751
153327
153312
152768
153471
152797
153476
153101
152875
152863
153095
152779
153263
152232
153703
152888
154173
153016
153079
153767
153163
153128
153581
152970
152784
152964
152999
153512
153637
153864
152842
153221
153183
152692
153552
153252
153766
153427
153380
153373
152505
153445
153674
153865
153493
153317
153207
153094
153463
152936
153166
153076
153523
152555
152247
153375
153831
153517
152940
152974
152414
152978
153983
152823
152876
152660
153259
153372
153467
153349
152060
153418
153191
153212
152832
153105
153471
152826
152564
153090
152633
153542
153681
153417
153137
153437
152959
152795
153346
153967
153256
152865
153460
152730
153075
153265
153750
153500
152883
152635
154065
153087
153216
153055
152903
153462
153011
153101
152602
152709
153518
153202
152720
152190
152681
153443
152701
152538
153781
153136
153822
153015
153007
153924
153402
153531
152938
154438
153089
152777
152753
153169
153258
153650
152202
153042
153245
152612
152749
152493
153126
153649
152846
152767
152621
153334
153229
153053
153810
153615
153233
152561
153485
153845
153600
153035
154081
153262
153046
152435
153578
153421
151827
153220
153160
152306
151928
153974
153110
152971
153027
153425
152986
152933
153513
153696
153169
151484
153529
153072
153233
153299
152600
153615
153454
153012
153295
153819
152572
153792
153595
152972
153218
153861
153186
152646
153659
152410
153014
152856
153748
152574
152701
152137
153610
154270
153033
153028
153187
153252
153820
153055
152710
153815
153216
152827
153716
153038
154241
153076
152609
153543
153103
152848
153362
153305
153095
153405
153339
152585
153470
153170
153713
153780
152934
153146
152857
153542
153645
153127
153316
153431
153291
152680
153742
153408
152824
152869
153039
152918
152594
152926
153040
152775
154031
153581
153170
153741
153891
153662
152406
153017
153314
153070
153577
152648
152779
153073
153628
153154
152489
152834
153384
153786
153733
153434
152842
152985
153177
153096
153439
152744
153618
153212
152878
153364
152905
153133
153173
152774
152500
152716
152830
153413
153165
152643
153074
152490
152853
152943
153081
153577
152488
152155
153482
152652
153055
153791
153536
153038
152087
153054
152886
153273
152573
153374
153023
153831
153378
152764
153897
152604
151875
153152
153267
153203
153312
153274
153685
153010
153212
152796
152929
153228
153135
152387
153239
152961
152748
152483
152941
152496
153213
153631
152669
152657
153307
153167
153095
153690
152453
153103
153321
152768
153558
153204
153667
152786
152829
152685
153252
153977
152513
153135
153179
153582
153143
152492
154229
152656
152995
152907
152834
152418
153401
152807
153128
153135
152495
153317
153613
152892
153082
152754
153083
152353
152985
152493
152879
152575
152765
152203
152511
153927
152906
153066
154408
152885
153402
153316
153800
154241
154064
153000
153023
152460
152636
153225
153164
152895
154016
153480
153301
153196
153475
152858
152607
153474
153026
153077
153715
152144
152953
152941
153424
152772
152717
153721
152576
152780
152101
153005
154120
153450
153441
152425
152989
153188
153109
152893
153244
152680
153344
153199
153163
152514
152897
152891
152878
153268
152593
153120
152919
153374
153219
153431
152882
153597
152206
152722
153281
154045
152913
153000
153999
153516
152532
152629
152625
152855
152865
154015
152742
153162
152849
153316
153064
152406
153375
153075
153673
152424
153330
152770
152937
153066
153705
153732
152782
152914
151727
153750
153439
152616
153959
152804
153278
152717
152986
153142
153462
153142
153836
153347
153338
154096
152293
152410
152764
153574
153264
152861
152784
153167
152569
153111
152517
153124
153009
152972
152707
153432
153506
153550
152732
152896
152636
153366
152741
153697
153437
153917
153919
152504
153042
152871
152975
153198
153095
153035
152943
152755
153080
152744
153494
154175
153329
153290
152502
153604
153461
152241
153199
152951
153739
152918
153233
153806
153194
153366
152671
153329
153010
153365
153085
153108
153085
152891
152234
152842
153550
152187
152733
153292
153380
153118
153209
153330
152398
153012
153233
152610
153265
153272
153269
152438
153893
153111
153111
151993
152575
153964
154242
152607
153500
153746
153304
152851
152965
153425
152990
152923
153661
153031
153549
153740
153459
152572
153926
153667
152832
153815
153279
153002
153290
152900
153127
153313
153264
153349
152592
152993
152723
153713
153127
152071
153453
153434
153858
152547
152721
152644
153665
152961
153370
153142
153237
153655
153480
153549
153849
153024
152589
153436
153145
154425
152781
153005
153275
153363
153285
152532
153410
152566
153475
152818
153293
153047
152759
152497
154072
153649
152564
153764
152569
153328
152180
153098
151626
153298
153413
153785
152519
152884
153231
153805
153158
152766
152060
152488
153145
153233
153441
152524
153380
153609
153522
153568
153334
153653
152710
153458
153600
153161
153222
152938
153268
153173
153276
153407
153033
152733
152308
152630
153634
153314
152692
153492
152783
152447
152805
153118
153461
153748
152738
153590
153529
153439
153853
152685
153795
152579
152679
154026
152869
152862
152898
153379
153283
152883
153653
153003
153128
153430
153372
153074
153550
152531
152399
153907
152976
152794
152584
154008
153272
152817
152806
152892
153061
153573
152816
152416
153137
152882
152445
151879
153168
153565
152999
153278
152627
152368
152632
153038
152996
152810
153180
153531
153063
152882
152887
152854
153176
152973
153022
152262
153305
152590
153120
152383
153381
153662
153422
152818
153537
153606
152889
153300
152925
153123
153399
152278
153426
153142
152714
153333
152717
153409
152542
153163
152454
152398
153347
152808
152874
153350
153294
153452
152547
152637
153474
152841
153217
152637
153483
152721
153027
153304
152939
152910
152747
153573
152844
153116
153680
152935
153421
153244
153038
152918
153384
152983
152876
152886
153581
153893
152636
152877
152737
152424
153042
152711
153007
152470
153177
153609
152953
152901
153138
152761
152811
152870
153743
153478
153228
152462
153021
153050
153685
152797
153040
152708
153245
153491
153716
153185
152524
153113
154286
152748
152486
152799
153135
152931
153439
153541
153442
152702
153437
153342
153393
153227
152694
152552
152974
152824
152863
153784
152889
153083
152637
153633
153127
152894
153770
153103
152392
153650
153369
152998
153356
152505
152743
152373
152450
153487
153430
153014
152472
153707
153607
152601
153179
152882
153439
153704
153366
153577
153169
152852
152339
152741
152551
153215
153542
153473
152397
153296
152534
152909
153103
153348
152777
152502
153693
153485
154031
153450
153461
153536
152534
152836
153666
152299
153577
153577
153260
153627
153109
152500
152582
153090
153930
153435
153403
153208
153731
153227
153045
153244
153009
153605
153073
152733
153561
153084
153060
152902
152406
153379
153539
152896
153711
152877
153220
153071
153099
153888
152944
153614
153458
153675
152906
152871
152636
152378
153311
153565
152852
153177
152366
153245
153549
153171
152945
153508
153029
152326
153607
152685
153695
153084
152840
153005
153425
153505
152257
152692
152725
153222
152577
153255
151942
153062
152700
152913
152329
153755
154044
152883
153097
153588
153577
152335
153530
153062
153541
152777
153517
152733
153354
153098
152927
153623
153272
153786
153291
152084
152976
152313
153467
153268
152691
153475
152462
154248
152517
153360
153872
153692
153456
153260
153160
153791
153388
153556
153237
153143
152474
152933
153295
153539
153079
152806
153465
152915
152774
153970
153897
153438
153435
152874
153174
152695
152283
152161
153365
152869
153015
152721
153754
152416
152749
153674
153777
153304
152533
153857
152601
153026
152697
152572
153458
154262
153123
152218
153719
154403
153625
152810
153198
152857
152532
153833
153038
152968
153079
153234
153091
153566
153061
152232
153760
153325
152821
152678
152984
152667
152865
153288
153247
153172
152814
153155
153178
152845
153506
152916
152621
153104
153538
152767
154041
152943
152264
153369
153873
153241
152419
152338
152637
153099
153297
152431
153341
152784
152535
153274
154499
152972
153400
153581
153344
153455
152976
153559
152619
153041
153084
153384
153713
153289
153297
152322
153129
153118
153522
152881
153285
153473
153289
152784
153102
153426
152725
153504
152179
153483
152182
153101
152868
152974
153752
153551
152968
152886
153501
152993
152685
154041
153014
152953
153097
153856
152873
153130
154085
153340
153020
152947
152332
153556
153398
152968
153114
153400
152616
153371
153518
153826
152799
152898
153097
151941
152701
153362
153246
153311
152867
153104
153487
153218
153062
152422
153020
153340
153510
152562
153026
153720
152716
153251
153501
153020
152741
153408
152658
153141
153489
152651
153984
153049
153135
152628
152824
153911
152426
152590
153686
153143
152931
153188
153447
153670
153287
154007
152804
153192
153069
153375
153050
153063
151877
152993
153174
153703
153403
153080
152357
153315
152663
153066
153846
153329
153623
153375
153742
152909
153628
153393
152444
152923
153936
152765
152817
152651
153767
153197
153974
153013
153229
153672
152926
153273
152859
153089
153365
152714
153132
152956
152831
153607
153685
153080
153424
152967
152539
152455
152218
152930
153537
153810
152899
152789
152535
153258
153498
152943
152390
152182
152548
152825
153722
152643
152206
153679
152162
153072
152145
153294
152641
152981
153513
153056
153074
152599
153274
151887
152995
153141
153124
152540
152541
153189
153175
153573
153111
153375
153258
153079
152698
152925
153432
153611
153665
153858
153483
152888
152976
152740
152560
152764
152768
153625
153186
153282
152469
152909
153287
153444
153859
153748
152367
152725
153109
152724
153593
153245
153065
153246
152589
153170
153257
152951
152845
153114
153022
152170
153462
153722
152402
154054
152592
152743
153167
153293
152326
153102
152861
153603
152668
153126
153488
152796
153320
153279
153148
153195
152267
153546
153289
153237
152652
152424
153549
153740
153743
153436
153370
153088
153184
153181
153460
153055
152978
153473
153709
152828
153015
153481
153412
153592
152694
153131
152700
153581
153395
152912
152879
152046
154029
153334
153489
153755
152777
152853
153518
153442
153952
152935
152747
153268
153559
153077
152883
153349
152998
153800
153334
152185
152766
153413
153163
152787
153644
153789
152579
153012
153194
152327
152927
152818
153066
152761
153235
153287
152527
152791
152867
153256
153411
152913
152937
153022
153293
153428
152699
152652
153911
152852
153332
152232
152613
152574
153020
154063
153208
153247
153507
152469
153457
153362
153411
154118
152454
153252
153053
153814
153358
153186
153394
153463
153234
151968
153847
153264
153121
152582
153947
153034
152702
152649
152212
153120
153895
153126
152782
153238
153195
152633
152986
152889
153121
153219
152792
153696
153147
153557
153246
152966
153038
152772
153296
152824
153545
153039
153865
152401
153154
152685
153712
153230
153068
153095
153140
153124
152606
153618
153550
153587
152534
153880
153447
153217
152165
152136
153544
152900
153247
153535
152490
153100
153423
152351
152645
152501
153530
152641
152908
152491
153303
152643
152863
153254
152676
153500
153003
153555
153167
153866
152715
152824
152919
153019
152848
152685
153309
154008
153162
153725
153851
153373
153194
152524
153171
153134
154101
153378
153009
153502
153286
153578
153075
153730
153737
152956
153156
153132
153650
152990
152735
153113
153750
153056
153469
152603
152916
152927
153364
154038
152223
152849
152611
153593
154270
154214
153278
152604
153162
151898
152925
153108
151735
153127
152702
152896
152633
152742
153248
153549
153382
153093
153225
153392
153250
152878
152739
153117
152458
153533
152666
153227
153355
152756
153220
153199
152767
151927
152742
152974
152559
153791
153030
153039
153545
153529
153506
153170
152917
153124
152914
153161
153278
152771
153157
152450
153575
153271
152873
152707
152672
153003
152170
153047
152972
153021
152795
152962
153564
152315
152372
152931
152991
152844
152545
153425
152903
152875
152707
153560
152730
152963
153839
152732
152952
153598
153185
152692
152480
153271
152987
153793
153072
153014
152903
152540
154114
153086
153517
153028
153824
153152
153101
152520
154030
153677
153557
153402
153608
153944
152682
152496
152167
152980
152484
153296
152801
153156
153445
152790
154035
153356
153399
152535
153690
153755
152817
152785
153693
153309
153425
153370
152955
152247
153515
152951
153402
153396
153139
153575
153167
152726
153084
152761
152738
153456
153574
152707
153266
152214
153792
152736
153547
153612
152934
153384
152972
153488
152480
153379
153529
153137
153280
152499
152667
152491
152973
153530
154467
153795
153157
153793
152887
153314
153103
153139
152927
153652
153110
153848
152814
152724
152619
153012
153184
153267
153439
153661
153751
152791
152651
153651
154046
152941
152706
154023
153872
153214
152191
153497
153257
153371
153029
153336
152722
152630
152606
153144
153174
153048
153293
153416
152737
152386
152632
152921
152959
154000
153068
153499
153165
152985
153784
153161
153251
152524
152618
152631
153137
152964
153501
153360
153631
153157
152892
153904
152392
153055
153495
153185
153819
152510
152850
152483
153645
153982
153166
152654
152698
153562
153338
153071
153529
153309
152587
153546
153474
153688
153065
153414
153088
152821
153884
153216
152372
153056
152315
153881
153844
152659
153247
152710
152921
153926
153744
153841
153552
152892
152688
152980
153008
153007
152822
152726
152927
153826
152281
152600
153522
153130
152999
152656
153025
152978
152410
153110
153044
153603
154063
152734
153941
153108
152594
153078
153189
152732
153258
153654
154019
153372
152357
152461
153211
153395
153414
153788
153784
153024
154047
153777
153483
153248
152567
152768
152905
152520
152817
153089
152907
152812
153098
152732
152426
153872
153170
152752
153702
153411
153152
153025
153402
153063
153238
152991
153579
153335
153033
151998
153797
153459
153876
152922
153366
153228
153969
153211
152632
152521
153028
152514
153360
152690
153383
152582
151988
153248
152933
152834
152996
153212
153024
152978
152984
152399
153008
152891
152957
153234
153461
152940
153379
152962
151935
152529
154302
153401
152177
152664
153289
152903
152492
153017
152746
153247
152631
153990
153691
153287
153402
152519
152961
152765
151868
152691
153042
153474
153198
152834
153691
153397
153384
153471
153819
152694
153333
153020
152760
152488
153164
153269
153982
152827
152604
153430
152295
153582
153032
153233
153514
153900
152644
152921
152773
153215
153674
153618
153047
152716
152266
153503
154095
153825
153811
153674
154215
153457
153099
153791
152503
153068
152719
153526
153339
152799
152902
153166
152332
153059
153517
152566
153186
153498
153711
153263
152979
153390
152741
153312
153258
152851
152965
153735
152655
152511
153610
153125
153303
153844
153630
153006
153242
153475
153629
153018
153216
153851
152792
153035
152962
152830
153033
153693
153604
152966
152914
152781
153248
152527
153301
153129
152628
153986
152950
153352
153556
152526
153300
153650
152546
153610
152222
153411
152829
153962
152829
153647
152542
152882
152606
154189
153398
153123
153880
152805
153332
152341
153488
152994
152975
153662
152456
153274
153566
152811
153584
153252
153299
153826
153529
153013
153148
153025
153302
152875
153610
152023
154029
153142
153229
152648
153573
153110
152744
152757
152627
153702
153704
152647
153637
152889
151996
153185
152167
152637
154325
153134
153453
152774
153377
153553
153234
153231
152001
152811
153178
153881
154035
152546
153419
153346
153613
152575
152553
152915
153455
152910
153608
152241
152770
153580
153789
153281
152104
153767
153320
153482
153945
153458
153129
153639
152653
153275
152729
152437
152991
153448
152393
153604
152790
152931
152792
151994
153409
153387
153062
153280
152956
152934
153788
152416
153859
153067
152923
153290
152572
152706
153036
153225
153249
154240
153161
151701
152908
153099
153750
153175
152931
152635
153252
153460
153373
152592
153257
153550
152513
153229
152968
153942
152623
152506
153326
152565
153219
153105
152761
153278
153715
153300
152514
153725
153051
153461
152892
154211
153168
153282
153369
153266
152394
153576
153659
153278
152944
153012
153249
152344
153450
153420
153443
152662
154011
153295
153594
153428
153553
152540
153125
153296
152403
152158
152872
153353
153716
153384
152519
153307
153214
153225
152766
153002
153193
153296
153004
152990
152686
153243
152912
153059
153389
152859
152782
153151
152778
153107
153081
153598
152750
152890
153430
153204
152882
152633
153218
153251
152897
153397
153214
152899
152552
153397
152919
152934
153060
152816
153044
152996
152940
153483
153336
152913
153205
153441
152710
153015
153854
153735
152892
154087
154282
153962
153053
153219
152117
153441
152447
153396
153302
151974
153529
153586
153205
152919
152615
153130
153019
152586
152803
153072
152851
152979
153666
153683
152399
153782
153574
153276
152873
153336
153618
153421
153035
152758
153457
152265
153558
153265
153407
154029
153296
153106
152998
153705
153350
153584
153487
153081
153890
153709
153056
153891
153018
152967
152734
153489
152375
152471
152848
152618
152887
153912
152804
152982
153299
153768
152700
152818
152647
153038
152941
153192
152457
153036
154008
152663
152823
153891
153191
153407
153636
153032
153792
152775
153697
153490
153583
152574
152627
152940
152581
152048
152546
153046
152931
153001
153247
153570
153139
152658
152801
153148
153610
153596
153513
152887
153411
153283
153815
153650
153970
152749
153459
153400
153234
153146
153397
153121
153469
152790
153044
152099
153032
152567
153005
152978
152821
152707
152006
152819
152666
153188
152424
153751
152869
152890
152669
153512
153026
153609
152959
153338
152378
153262
152772
152825
152480
153281
152571
154150
153572
153101
153438
153288
152891
152831
152863
152600
153613
152924
154107
153537
152683
153342
153310
152811
153054
152983
152665
152800
153346
153066
152938
153551
153588
153082
153408
152918
153038
153399
153440
152465
153219
153564
152338
153329
152603
154139
152248
153861
153271
152897
152800
152950
152367
152877
152516
152597
152791
152854
152765
152895
152996
153632
153312
153364
153603
153259
153217
153570
154152
153288
153223
153204
153222
153476
152750
152883
153048
153097
153231
152961
152697
153112
152896
153765
153085
153369
152950
153200
152501
153235
153154
152611
152514
153255
152679
152806
153084
153422
153665
153751
152649
153427
152449
152748
152654
152617
153162
153533
153087
152897
153301
153416
153000
153497
153281
151899
153464
152480
152660
152415
153239
152838
152810
154096
153778
153513
152629
152827
153340
153104
153238
152390
154272
153833
152978
153450
152892
153054
153706
152743
153767
152793
153346
154128
153448
153524
152887
152685
153668
152932
152656
153090
153255
153081
153313
153442
153708
153673
153551
153112
152483
153662
152726
152867
152665
152766
153413
152654
152923
152632
152784
152743
152857
152622
152044
152575
152801
153280
153141
153037
152794
153000
152883
152985
153565
152022
152288
154152
152695
153554
153042
152482
153214
152342
153542
153489
153423
153389
152562
152981
153302
153379
152939
153087
152681
152245
152374
152964
152449
152930
153951
152775
153121
152887
152412
152668
152016
153220
152731
153538
152713
152786
153093
152387
152991
152766
153458
153477
152895
153652
153324
152951
152967
153204
152546
153461
152555
152344
153668
153669
152455
151671
152848
153285
153214
153187
153256
153734
153387
153804
153658
152317
152455
153498
153677
153696
152414
154060
152545
153443
152904
154296
152662
153373
152954
153523
152964
153429
153622
153320
153057
153029
153555
153596
153158
152574
152704
153216
152282
153390
152636
153535
154131
152688
152715
153045
153152
153705
153238
153240
152971
153380
152906
152461
153170
152741
153231
153581
152971
152181
152776
153612
153744
153770
152438
151414
153362
153318
152672
153131
152300
153540
153461
153356
153889
152731
153154
153154
152092
153340
152167
153205
153483
153443
152873
153062
152711
152602
152841
152717
154252
152719
152886
154160
152918
152475
153133
152847
153405
152585
153759
152704
152794
153162
153736
153289
153473
153196
154225
153389
152136
153377
153473
153254
153953
152869
153758
153111
153141
152810
153015
153626
153178
152801
152914
152428
153684
153254
153107
153420
152962
152808
153569
153497
153507
152869
152964
152803
153151
153392
153729
153209
152993
153618
152901
153996
153898
153368
153317
153675
153243
153617
153805
152854
152898
153442
153191
153290
152512
152191
153412
153607
152933
153942
152831
154214
152955
153301
153384
153537
153366
153368
152713
153283
153171
153361
152558
153374
152981
152625
153656
152636
152589
152681
152537
153773
152968
152722
152697
152780
153142
153640
152716
152541
152500
153211
152582
153353
152541
152920
152910
153127
153103
152909
152323
152911
153672
153214
152416
153297
152946
152303
152405
154317
153498
152725
152900
153570
153417
153379
153290
153052
153196
153042
152448
152939
153277
152958
153101
152810
153512
152993
152690
152100
153068
153592
152632
153476
153742
152571
153446
153806
153432
153247
152537
153151
153588
153902
153423
153602
153192
153093
153435
153479
152874
152777
153319
153405
152729
152796
152540
152374
153520
152624
153026
153359
153026
152739
153074
153313
153028
153139
153590
153524
153257
153059
153381
152867
153479
153370
153027
154532
153085
153309
152983
152685
153023
152981
153498
153364
153273
153395
152663
153383
153145
153569
153044
153446
153412
153235
152827
153481
153571
153494
152103
153020
153135
153318
153497
153632
153052
152647
152593
153230
152627
153298
153093
153051
153235
152300
152311
152717
153963
153188
152672
153274
152625
152860
153048
152822
152877
153020
152409
153031
152609
152672
152867
153551
153200
153325
152891
153917
153329
153064
153512
152239
153266
152876
154034
152905
153017
152610
153115
152338
153744
153383
153604
153207
152535
152257
152802
153147
152943
152584
152914
153532
153072
153207
153213
153229
153383
152951
153382
152849
153594
153111
152566
153380
153082
154085
153824
152444
153184
153225
152670
151855
152664
153515
153148
152986
153983
152991
153589
152653
152985
152955
153514
153345
152723
153227
152942
152730
152842
152705
153510
153781
152999
152730
153427
152787
152949
153524
152345
153208
153467
153057
152607
153401
152486
152883
154513
153536
154021
152710
152682
153140
152462
153578
153224
153606
153245
152079
152449
152585
152109
152944
153787
153796
152874
152850
153213
152901
153240
152513
153034
153449
152920
152752
153061
153475
152867
152606
153187
153056
152468
153260
154108
153115
152401
152334
152995
152573
153030
153473
153501
152792
153564
153423
152917
152610
153483
153198
153816
153865
152717
153282
152510
153179
153189
152874
152970
153080
153316
152853
153072
152776
153756
153044
152303
152903
153395
152862
152378
154418
153172
152169
153416
153206
153412
151959
153286
153289
153069
152435
152505
154006
152616
153170
152597
152799
152776
153136
153790
153003
153222
154014
152665
152626
153409
153887
152125
153823
153638
153569
153120
152620
153617
153523
153195
152302
152194
152710
153965
153750
152747
153207
153603
153889
153278
152394
153170
152678
152909
153434
153776
153261
152676
152910
152570
152813
152962
154007
153258
153499
153955
153976
153208
152538
152992
153753
152781
153302
152996
152816
154189
153407
153050
153210
153259
153234
153165
152823
153747
152676
152944
152860
153310
153521
153025
152410
153065
153103
153037
152957
153838
152224
153582
152115
153102
152975
153065
152774
153105
153060
153065
153309
152802
154099
153141
153852
153366
152808
153762
152190
154113
152888
153663
153204
153139
152948
152721
153137
153289
152617
152634
152848
152985
153210
153275
153243
153332
153676
153077
153004
153529
153829
154064
153788
153088
152874
153475
153578
152764
153141
153425
153407
153162
153537
153630
152377
153470
152979
153667
152257
153217
153391
152865
153137
153542
153481
153687
152390
153841
153130
153320
153093
152650
153521
153302
153074
152864
153034
152868
152664
152802
151757
153211
153025
152637
153124
153041
152789
153730
153232
153625
153013
153649
152624
152723
153536
153496
153155
153637
153662
153703
152948
153198
153130
153682
152801
153013
152626
153085
152975
153692
152533
152980
153298
153951
152613
153597
153218
153697
153612
153089
153848
152571
153709
152786
153385
153217
153069
152353
153251
152295
153196
152553
153051
152905
153043
152479
152226
153033
153469
153103
153753
152370
152935
152393
152885
153153
153381
152577
152202
153502
152396
153035
152812
153395
153218
152483
152629
152448
153266
153218
152906
153793
153392
153151
153434
153322
152989
154089
154166
152884
153299
152603
152973
153531
152478
153586
152643
153454
151802
153304
153044
153405
153847
153080
153689
153374
152942
152214
153599
152784
152952
152985
152562
152553
152280
152637
153214
153541
152849
152620
153117
153253
153469
152610
153201
153485
152693
152495
153355
152595
152041
153299
153148
152885
153546
153988
152853
153412
153180
152245
153477
152882
153371
153220
152628
152446
152936
153225
152609
153750
153560
154145
153915
153246
153693
152541
152609
153459
153141
152970
153030
153602
153585
153276
153489
152681
153125
152920
153335
153541
153566
153071
153687
152793
153870
153286
153728
153833
152368
153765
153073
152690
153037
153680
152434
153226
153386
152775
153277
153018
152705
153085
153191
153267
152795
153163
152444
153132
154006
153293
154029
152781
153181
153423
153575
153296
153229
153486
152545
153761
153304
153515
152693
153422
152934
152826
153123
153421
153137
153220
152993
152875
153896
152948
152933
153616
153531
153042
153273
153243
152824
153009
152681
153853
153317
152991
152159
153488
152308
154175
154657
152671
152809
153531
152513
152167
152759
153705
153154
152627
152845
153141
152599
153519
153449
153156
152983
153521
153531
153664
153789
152984
152414
153137
153200
153656
153253
153627
153150
153059
152935
152929
152799
152819
152885
153033
152647
153499
153197
152937
152645
152964
153519
152449
153557
153599
153008
153038
152986
153631
153352
153053
152523
152700
153620
152961
152945
152972
153076
153078
153210
152480
152594
152203
152695
153004
154261
152527
153059
153480
152240
152201
153229
153403
153426
153165
152611
153719
153498
153207
153201
153165
153587
153272
153537
152728
153071
153084
152580
153327
152757
153640
153480
153039
154019
153012
152284
152568
153531
154043
152246
152792
153400
153590
152801
152747
152320
153629
153286
153138
152892
153006
153133
153790
153358
152613
152897
152129
152836
153791
152615
152841
153690
153551
152529
152432
153462
153609
153939
153717
152998
153212
152872
152806
153123
152825
152198
153310
153114
152950
153094
152433
153202
153326
153414
152562
152846
153037
153296
153397
153155
152781
153160
154319
153848
152567
152396
152950
153760
153286
152819
153491
153549
153949
153704
153160
152510
154048
153187
152367
152853
153215
153903
153214
152825
153090
153509
153205
152980
153282
152134
152539
153708
153304
153186
153246
152650
152927
153518
152994
152799
152835
153262
153288
152903
153648
153080
154234
152830
153464
153190
153470
153474
152518
153881
153160
153937
152949
153727
153238
153165
152838
153047
153295
153293
153535
153438
152558
151920
152747
153982
152410
153324
152799
152945
153415
153322
153198
152941
153118
153158
152809
153612
153883
153412
153644
151983
153177
153535
153363
152675
153287
153572
152829
153178
153519
153002
153213
154475
152991
152162
153538
153314
153842
152939
153357
154055
152231
152473
153287
153785
153144
152008
153223
152889
153272
153388
152488
152438
152536
152612
152996
153617
153059
154066
153506
152834
153719
153534
153005
153078
152710
152494
153205
152765
152826
153495
153375
154121
153709
152938
152363
152647
153847
151456
153297
153354
153168
152521
152909
153111
153016
153520
153215
152984
153021
153229
153425
154193
152356
152987
153494
153470
153543
153821
153389
153489
152397
152718
153616
152457
152502
152360
153497
153017
153143
152658
153405
153222
153448
152690
152453
153433
153464
153202
153518
153486
152659
153367
153239
153813
152743
152999
153382
153357
153459
153134
153829
153616
153425
152832
153591
152917
153106
152566
153265
153238
154197
153610
152977
153596
153431
153192
152488
152395
152959
153244
153531
152351
153285
152350
152297
153510
153020
153238
153500
152611
153074
153534
153565
152343
153307
154079
152976
153052
152872
153041
154496
153053
152861
152931
153277
153453
153218
152846
152997
152664
152695
153332
153329
152949
152869
153147
153063
152385
152867
153115
153656
153558
153131
152027
153380
152570
153002
153077
153215
152307
152530
152809
152704
153332
153499
151958
152500
154080
154037
153116
153511
153412
152401
153016
153128
153491
153367
152619
153064
152894
153489
152508
152864
154139
153982
152363
153516
152678
152872
153858
153573
153080
152980
152042
153178
152902
153339
153384
153504
152754
153042
152798
152947
152659
153904
153281
152966
152811
152869
153299
152977
153642
153408
152809
152753
153333
153002
152625
152650
152033
152437
152854
153224
152982
152769
153171
153135
153210
152707
152937
152595
152375
153832
152729
152836
153327
153637
153397
152396
153017
153593
153271
153470
152657
153229
152882
153033
153579
153118
154111
152577
153510
152995
152745
153673
153432
152647
152163
152666
153045
152662
152769
153433
153232
152204
153853
153036
152992
153111
153120
153855
153552
152918
152977
153633
153087
153113
153120
152874
152765
153623
153468
152746
152847
152792
152694
153314
153393
153728
152910
153864
153207
153097
153734
153728
152579
153968
152741
153543
153527
153609
153665
152507
152720
153993
152740
153022
153106
153098
152863
152834
152917
153085
153054
152619
153455
153958
153053
152887
152345
152698
153394
152855
152948
152918
153013
152471
153985
152824
153013
153169
153158
153481
152692
152126
152725
154340
153589
153679
153625
152901
153014
153122
154065
152991
152307
153449
152815
153570
153242
153111
153352
153483
152878
153233
153232
152643
153105
153636
152508
153167
153401
153187
153587
152405
153779
153521
153692
153083
152818
152097
153341
153212
153417
152466
152680
153579
153239
153422
152937
153831
153022
153321
153001
153293
153541
153008
153347
152584
152957
152676
152618
152857
152459
153108
152534
152816
152778
153486
153112
152594
153117
152708
152358
153277
153311
153080
153278
152235
152744
153001
152942
152960
152904
153724
153638
152140
153690
153086
153054
152160
153569
152428
153373
152543
153314
153407
153373
152793
153671
152741
153490
153258
153122
152638
153367
152557
153781
153317
153112
152535
153229
153812
153185
152210
153673
152740
152557
152311
152882
153827
152372
153254
153274
153201
152854
153169
153433
153281
153616
153033
153371
153814
153106
153346
152300
153771
151757
153077
153555
153490
153078
152593
152912
153066
153595
152848
152376
153214
153086
153213
153789
152514
153359
153279
152723
152915
152872
152468
153144
153608
153300
152887
152409
153786
153131
153258
153342
153021
152807
152924
152555
152249
152641
152745
153358
152526
153741
153652
153597
153336
153128
153699
152882
152954
153127
152800
153837
152622
152546
152959
153188
152811
152739
152872
153129
153737
153289
153597
153913
153194
153177
153878
153404
152568
153507
153158
152633
153523
153008
153133
154027
152845
152866
152882
153079
153131
153427
153079
153905
153263
153547
153271
152554
153083
152623
153015
153216
153024
153941
152335
152540
152522
153343
152931
153012
153596
151962
152589
152597
153069
152763
153398
153953
153160
153854
153716
153002
153039
153455
153041
152904
153298
153623
152243
152366
153996
153291
153201
153216
152694
152801
152627
152804
152269
152678
152988
153749
153403
152503
152155
153050
152663
153025
152360
152881
152387
152771
152806
152719
153136
153363
153241
152911
153596
153072
153634
152635
152988
153422
152551
153007
152623
152497
153247
153763
153146
153526
152931
152338
153288
153137
152815
153443
152565
153310
152305
153837
152980
152666
153012
152727
153167
153445
151757
152398
153481
153101
152621
152617
153539
152493
154349
153776
152226
152699
153304
152839
153427
153740
152537
152349
153103
152734
152492
153085
152809
152800
153514
152697
152740
152734
153790
153557
153760
153229
153462
154020
153282
152337
153831
153274
152975
152846
152599
152172
152839
152803
153810
152658
152942
153201
153507
152078
153506
154184
152761
153445
153174
153539
153655
152212
152912
152853
153183
152669
152678
153695
153617
153175
152520
152954
153250
152784
153412
153350
152867
153114
152589
152970
152616
153804
153734
152272
152862
152833
152219
152696
153276
152775
153008
153465
153358
153410
154333
152745
152647
152408
152667
153703
152490
153310
153135
153088
153356
153215
153193
153209
153477
152935
153181
152598
153577
153200
152646
153046
153371
152290
154159
152888
153060
153507
152410
152796
153169
153393
153792
153061
153033
152803
153420
153408
153308
153322
152505
153079
152756
152750
153539
153407
153808
152212
152850
153352
153114
153485
152328
152722
153336
152691
152983
153161
152914
153143
153399
153639
153492
152784
153261
152787
152545
153369
153906
153395
152729
152925
152896
153337
153380
153241
153312
153057
153691
152660
152881
153246
153604
153559
153251
153478
153702
154186
153027
153139
152678
152988
153608
152406
152678
152828
152833
154859
154209
153799
153551
152821
153382
153181
152756
152644
152935
153280
152927
153430
152548
152991
152848
152721
153583
153729
152960
153587
152919
153474
153202
153493
152445
152472
153187
152840
152029
153117
153516
152950
153227
153435
153232
152811
153661
152639
153298
153549
152624
153605
152962
152484
154279
152860
152700
152689
153201
153893
153048
153572
153381
152593
152067
153792
153029
153148
153320
152785
152657
152209
152919
152682
153665
152726
153227
153379
152877
153196
153931
152784
152772
153066
152942
152073
153617
153753
152333
152939
152727
153169
153204
153146
153859
153517
153251
153563
153688
152912
153397
153450
152872
153205
152567
152057
152579
153512
153379
153491
153954
153079
153518
153396
153876
152722
153285
153045
153645
152817
152420
152866
152559
152922
152667
152567
153283
152977
152983
153031
152927
153469
153567
153141
153021
153121
153484
154023
153239
153270
152748
153626
153969
153419
153460
152170
152690
153077
153539
153075
153191
153045
152723
153466
152699
152540
154292
152523
153283
153988
153018
153835
153069
152928
153597
152935
153796
154051
153270
153460
152667
152661
152809
152706
153113
153250
152938
153011
153638
153141
153001
152654
153146
154224
153251
153655
153662
153048
153208
153071
153258
153108
152631
152975
153239
153282
152344
152751
152694
153505
153038
153373
153934
154247
152984
154428
153008
152909
153289
152597
153389
153573
153659
152770
153200
153664
152895
154184
153277
153378
153022
153319
153765
153524
153004
153770
153350
152641
153856
153039
153308
152633
154327
153231
153614
153319
153247
153926
153164
152668
152947
154073
152632
152907
153866
153624
152731
152803
152895
153047
152857
152225
152904
153106
153321
153051
153274
153215
153125
153226
153258
153445
154051
153665
152612
153057
154406
152953
152810
153389
153170
153095
152861
153309
153148
152583
152896
153776
152736
153596
153368
153077
153436
153060
153297
152776
153024
152914
153335
152951
153019
153464
153425
152770
152927
152685
152600
152852
153038
153933
152809
153638
153547
153503
153708
152750
153782
152833
152537
152264
152854
151925
153039
152255
153248
152700
153435
152680
152935
152874
152675
153568
152883
154162
152613
153882
152641
152859
153277
153475
152458
153307
152811
152611
152951
152990
152831
153462
153394
153182
153288
152277
153179
152840
153751
152455
153399
153132
153298
153227
153487
153486
152767
153551
152645
153139
152522
152906
152747
153075
153165
152533
153558
152713
152874
153000
152555
152428
153538
152634
153036
152707
152508
152553
153372
154083
153291
153628
153286
152993
152794
153775
153168
153526
153577
153348
153808
153320
153188
153281
152346
153124
152671
152822
152701
153738
152514
153380
153097
153012
153387
152911
153005
154542
153487
153223
152614
153396
153145
152723
152196
153816
152910
152787
153246
153503
153943
153061
153673
153888
153118
153323
152311
152903
153294
152722
153971
152919
153074
153288
151852
153435
153812
153799
153798
152654
153407
153209
152714
153453
153217
153013
153618
153165
153516
153594
152941
153001
152679
153000
153819
153346
153343
152451
153712
153638
153300
153690
152575
153413
153325
153280
153072
153509
153187
153354
153195
153099
152268
152517
152891
152348
152816
153031
152691
152461
152613
154011
152291
152759
152694
153162
153480
153414
153078
153139
153235
152642
153533
153593
153228
153134
153754
153514
152837
153076
153502
153118
152753
153225
153069
152446
153125
152756
152797
152807
153133
153592
153194
153738
152906
153027
153106
152795
153188
153546
152808
153429
152504
153490
153000
152540
152583
153650
152567
152212
153690
153265
152906
153012
152365
153507
153376
153270
153360
153339
152255
153050
152590
153454
152857
153758
153441
153503
153467
153498
152834
153098
153125
151946
153072
152820
152998
154234
152739
153933
152944
152791
153474
153221
153136
152576
151819
153367
153376
153485
152756
152951
152971
153458
153292
153201
152859
152967
153039
152684
152824
152973
152530
152757
153203
152821
153503
153580
153059
152419
154011
153956
153845
153273
153180
153219
153508
153358
153027
152951
152844
153266
154343
153129
153305
152266
152608
152962
153277
152693
153295
152954
153259
152803
153156
152657
152512
153628
153183
153413
153236
152720
153655
152492
153613
152730
152472
153021
152649
153628
153431
152738
153314
152446
152349
153457
153667
153157
153849
152291
152787
153310
152808
152472
153071
153170
153619
153190
153579
152892
152446
153103
153160
153421
153208
152906
152975
153090
152945
153375
153452
153638
152668
153202
153883
152978
152909
153258
152972
153232
152451
153163
154040
152736
152804
153005
153028
152803
152785
152908
152768
153059
154012
153412
153555
153209
153155
153412
152598
153498
153451
152911
153828
153049
153251
153436
152870
153645
153246
153147
152768
153491
153256
152886
153190
152838
153368
152955
154018
153444
152821
152613
153937
152938
152828
153555
153422
152760
152755
152975
152894
152922
153013
153400
153654
152899
152499
152866
153414
153093
153032
153295
153381
153183
153089
153875
153152
152985
152385
153856
153167
152973
153656
152552
152700
153065
153455
152977
152889
153842
153349
153030
152867
153411
153526
153261
152235
153765
153489
152721
152401
152484
153329
152795
153905
153243
152659
152819
153389
153203
152983
152412
152279
152604
152934
153957
153017
153601
153878
153272
153366
153470
153648
152625
152901
153404
153388
154034
151710
153940
153044
153792
153629
152656
152574
153372
152363
152816
152844
153017
153404
153875
153745
153311
153259
153027
152833
152993
153205
152508
153013
153143
153554
153247
152762
153671
153330
152482
153375
153485
153357
152939
153170
152736
153984
153545
153099
153722
152941
152886
153664
153574
153789
153176
153528
154211
153626
152202
153214
152956
153581
153261
153156
153104
152829
153547
152900
153595
152702
152994
152944
153613
153426
153114
152516
153141
153199
153369
153420
153022
152947
153591
152956
153633
153561
153722
153851
153575
152785
152945
153537
153091
152677
153446
152860
152770
152896
153308
153133
153552
153085
152906
153085
152207
153485
153410
152784
153099
153106
153400
152024
153795
152910
153302
153184
152700
152593
153387
153092
153034
152587
152313
153072
151806
153573
153310
153898
153239
153059
153461
153187
153534
153099
153004
152680
154328
153916
153141
152174
153039
153169
153139
153437
152756
153738
152706
152363
153290
153129
153313
152314
153258
152911
153578
153361
153035
152464
153827
152946
153201
153314
153028
152828
152184
153190
153149
153206
153478
153257
152994
154000
152831
153572
152913
152827
153193
153056
152992
153019
153481
153713
153053
152520
152923
152761
153362
152974
153131
153102
153842
152972
153290
153241
153294
152935
152774
153983
153474
154041
153517
152729
152779
153199
153182
152697
153063
153174
152686
153238
152738
153350
152938
153345
152667
152738
153116
152252
152396
152885
152811
152651
152989
153292
152650
152942
153026
152802
152627
153660
154612
153467
153601
153506
152458
152119
153274
154389
152484
153220
152854
153358
152826
153141
152960
152515
152638
153150
153257
153236
152564
153066
153123
153228
153050
153413
152791
152947
153283
152936
153540
152981
153379
152689
153224
152693
153555
153306
152725
153427
152633
152976
152487
152782
152878
153371
152925
153268
153206
152638
153510
152768
153117
152826
152474
153412
153153
153109
153542
152644
152488
153383
153285
153403
153192
153713
153674
153271
152398
153373
152844
153325
152646
153572
153406
152642
153666
153134
152701
152703
152627
153439
152312
152825
153548
152338
153388
153216
153111
153289
153810
153779
152352
153661
152553
152385
154143
152716
153402
152900
153679
152584
153595
152660
152854
152294
153336
153158
153307
153564
152630
153272
152869
153260
153255
153018
153820
153164
152681
154411
153171
152924
153337
152538
153117
154203
153376
153272
153614
152771
152977
153003
153170
152794
153303
153571
153540
153560
152778
153268
153105
153040
153432
153310
153640
153350
153727
152427
153171
152687
152519
152726
152497
152988
153061
153540
153105
153825
153915
152904
153065
152312
152884
152983
153212
152673
153796
152731
152900
153582
153463
153531
153603
153026
153193
153164
153807
152641
153037
153550
152811
153047
153050
153617
152882
153699
152642
153156
