2558
2515
2585
2555
2520
2646
2579
2629
2546
2584
2529
2560
2532
2466
2520
2515
2560
2519
2622
2614
2599
2510
2563
2473
2591
2514
2569
2555
2536
2524
2507
2549
2433
2578
2447
2604
2541
2565
2550
2603
2575
2560
2592
2494
2592
2520
2585
2540
2543
2452
2541
2563
2568
2618
2573
2633
2612
2569
2580
2636
2555
2582
2613
2513
2617
2587
2495
2553
2608
2550
2539
2550
2484
2525
2494
2556
2606
2533
2585
2578
2680
2511
2635
2529
2491
2558
2527
2530
2530
2531
2525
2544
2575
2562
2524
2586
2598
2511
2564
2545
2578
2585
2555
2489
2550
2585
2594
2612
2528
2525
2535
2560
2541
2528
2554
2496
2584
2576
2560
2612
2544
2587
2569
2537
2462
2550
2491
2596
2506
2533
2545
2486
2570
2506
2618
2587
2587
2557
2562
2642
2598
2563
2508
2546
2595
2563
2604
2708
2634
2569
2624
2527
2557
2566
2555
2545
2543
2488
2607
2598
2563
2582
2602
2602
2618
2598
2561
2606
2573
2540
2585
2562
2559
2605
2571
2494
2522
2548
2495
2593
2548
2648
2540
2528
2545
2574
2599
2472
2557
2471
2479
2563
2532
2646
2547
2622
2592
2560
2625
2504
2623
2565
2517
2614
2562
2545
2578
2577
2642
2518
2483
2638
2694
2618
2511
2476
2517
2592
2519
2554
2589
2602
2594
2617
2540
2613
2574
2570
2583
2616
2636
2631
2593
2555
2547
2603
2552
2553
2613
2577
2503
2578
2457
2627
2654
2669
2586
2534
2569
2582
2583
2590
2546
2568
2540
2499
2620
2537
2559
2547
2684
2534
2559
2555
2505
2614
2593
2552
2486
2470
2604
2586
2564
2592
2463
2533
2523
2598
2567
2646
2521
2550
2579
2485
2517
2547
2594
2562
2542
2584
2586
2580
2636
2529
2513
2572
2590
2628
2569
2601
2528
2563
2505
2589
2517
2537
2472
2540
2489
2483
2556
2443
2524
2549
2617
2480
2483
2567
2548
2572
2538
2590
2537
2530
2568
2573
2498
2572
2616
2611
2616
2555
2480
2578
2589
2455
2578
2464
2615
2565
2582
2611
2485
2601
2483
2535
2575
2602
2545
2503
2573
2455
2550
2600
2602
2495
2575
2494
2562
2567
2528
2554
2615
2511
2514
2596
2552
2554
2545
2550
2622
2504
2544
2582
2489
2567
2584
2569
2595
2593
2574
2531
2524
2425
2587
2518
2548
2666
2588
2516
2573
2549
2575
2528
2545
2611
2569
2612
2644
2550
2534
2586
2638
2567
2525
2547
2561
2591
2494
2615
2548
2473
2648
2539
2577
2637
2652
2582
2533
2599
2503
2585
2459
2548
2522
2555
2577
2597
2587
2500
2585
2539
2509
2574
2624
2539
2529
2466
2567
2521
2577
2566
2718
2496
2578
2653
2645
2504
2566
2530
2567
2567
2511
2487
2547
2634
2551
2580
2644
2486
2556
2541
2546
2621
2588
2599
2649
2551
2631
2477
2516
2530
2574
2545
2528
2566
2604
2560
2552
2554
2563
2483
2584
2612
2540
2582
2517
2645
2532
2567
2579
2606
2656
2556
2505
2589
2629
2586
2538
2566
2502
2553
2513
2614
2469
2510
2519
2538
2528
2626
2520
2569
2516
2619
2580
2639
2536
2550
2527
2523
2625
2600
2511
2542
2641
2497
2620
2538
2553
2577
2572
2585
2624
2505
2537
2504
2540
2637
2607
2498
2548
2568
2664
2605
2635
2519
2572
2540
2497
2594
2568
2552
2544
2628
2494
2584
2568
2518
2612
2565
2585
2562
2501
2451
2527
2604
2563
2538
2586
2518
2526
2537
2547
2488
2489
2560
2572
2468
2566
2605
2514
2562
2566
2529
2619
2479
2597
2594
2574
2519
2525
2549
2596
2582
2464
2561
2462
2586
2558
2644
2626
2521
2580
2484
2549
2588
2584
2437
2613
2579
2576
2605
2587
2521
2464
2542
2543
2559
2559
2525
2572
2637
2522
2521
2583
2565
2551
2552
2488
2576
2603
2623
2469
2668
2571
2467
2475
2563
2521
2624
2477
2553
2631
2478
2527
2479
2554
2608
2491
2646
2629
2568
2581
2569
2644
2612
2561
2611
2619
2640
2611
2586
2582
2484
2590
2552
2568
2619
2555
2549
2497
2525
2523
2545
2564
2584
2514
2688
2564
2552
2516
2579
2668
2542
2516
2559
2543
2557
2528
2521
2462
2573
2554
2605
2488
2577
2571
2620
2481
2586
2527
2660
2485
2492
2568
2632
2591
2598
2597
2479
2571
2573
2550
2640
2569
2539
2505
2509
2580
2495
2531
2564
2563
2480
2517
2569
2565
2551
2626
2513
2593
2497
2533
2595
2613
2594
2531
2508
2513
2527
2679
2642
2655
2555
2523
2541
2543
2498
2666
2536
2558
2578
2568
2572
2464
2438
2595
2560
2524
2533
2501
2488
2487
2601
2602
2597
2531
2622
2623
2604
2547
2595
2565
2595
2556
2479
2614
2634
2595
2629
2607
2580
2479
2555
2585
2622
2542
2488
2578
2537
2545
2584
2510
2588
2518
2553
2574
2490
2580
2589
2506
2584
2574
2558
2614
2585
2570
2535
2545
2519
2573
2515
2509
2590
2611
2541
2457
2600
2535
2567
2473
2564
2596
2583
2514
2682
2516
2517
2580
2558
2489
2535
2559
2520
2542
2560
2564
2595
2517
2576
2473
2543
2529
2557
2526
2486
2622
2529
2514
2580
2539
2520
2564
2544
2541
2611
2571
2564
2606
2560
2591
2608
2491
2598
2595
2510
2553
2584
2629
2520
2634
2598
2621
2552
2607
2439
2504
2478
2553
2624
2554
2460
2627
2542
2480
2611
2560
2499
2559
2506
2586
2501
2565
2600
2593
2512
2605
2463
2593
2569
2613
2461
2670
2541
2582
2621
2632
2578
2534
2527
2658
2443
2572
2586
2567
2662
2542
2630
2560
2590
2562
2595
2511
2655
2609
2604
2561
2610
2576
2535
2535
2545
2599
2560
2616
2490
2488
2652
2547
2505
2608
2566
2518
2532
2530
2581
2549
2583
2552
2592
2633
2570
2599
2480
2527
2592
2496
2468
2516
2526
2580
2483
2507
2639
2556
2530
2653
2504
2619
2533
2609
2604
2566
2693
2587
2500
2535
2596
2494
2539
2608
2555
2549
2591
2563
2546
2563
2588
2607
2588
2501
2542
2527
2536
2528
2546
2534
2537
2565
2597
2558
2535
2589
2560
2598
2616
2601
2554
2592
2623
2556
2574
2620
2548
2519
2510
2494
2560
2541
2595
2528
2467
2606
2594
2576
2613
2529
2541
2615
2537
2551
2591
2472
2533
2583
2543
2488
2590
2547
2485
2511
2617
2525
2579
2525
2625
2590
2564
2621
2590
2513
2525
2554
2649
2554
2563
2483
2602
2537
2544
2506
2577
2550
2558
2578
2595
2656
2581
2601
2601
2520
2514
2527
2567
2570
2564
2559
2626
2545
2505
2556
2547
2474
2512
2580
2495
2546
2619
2502
2534
2618
2581
2614
2544
2457
2559
2518
2495
2579
2520
2487
2545
2506
2573
2564
2507
2590
2569
2546
2582
2558
2511
2481
2521
2518
2445
2550
2487
2477
2559
2414
2542
2586
2546
2638
2593
2573
2475
2580
2526
2510
2579
2558
2506
2615
2558
2558
2596
2506
2615
2564
2640
2540
2551
2522
2585
2531
2496
2540
2617
2485
2521
2589
2508
2561
2493
2503
2559
2631
2497
2625
2532
2547
2494
2508
2564
2550
2629
2451
2609
2630
2583
2651
2567
2581
2507
2584
2523
2561
2628
2561
2529
2652
2611
2607
2575
2431
2624
2575
2474
2606
2617
2597
2500
2527
2594
2683
2605
2539
2426
2554
2583
2545
2524
2506
2563
2574
2475
2649
2590
2563
2576
2539
2594
2493
2602
2625
2577
2564
2593
2572
2583
2585
2551
2601
2673
2597
2586
2609
2528
2612
2539
2554
2621
2609
2532
2504
2568
2609
2595
2522
2529
2534
2598
2445
2586
2619
2623
2548
2550
2584
2624
2555
2491
2523
2473
2530
2655
2577
2506
2578
2432
2538
2535
2581
2522
2601
2521
2524
2666
2578
2566
2567
2484
2596
2557
2505
2571
2555
2544
2518
2586
2529
2531
2636
2573
2602
2580
2600
2562
2565
2490
2501
2476
2581
2550
2536
2494
2459
2472
2600
2489
2543
2569
2576
2544
2618
2579
2559
2496
2524
2517
2607
2544
2618
2537
2558
2542
2559
2608
2553
2469
2615
2578
2591
2609
2566
2583
2534
2620
2600
2631
2608
2595
2653
2521
2620
2476
2593
2548
2544
2606
2532
2577
2624
2600
2530
2612
2591
2599
2557
2531
2526
2499
2443
2528
2579
2666
2565
2570
2489
2565
2578
2552
2603
2582
2580
2592
2510
2509
2556
2469
2594
2529
2500
2589
2620
2583
2499
2564
2596
2596
2541
2548
2618
2614
2498
2660
2589
2586
2591
2569
2451
2584
2530
2517
2646
2566
2558
2634
2527
2590
2476
2538
2596
2572
2496
2631
2616
2613
2573
2615
2545
2541
2548
2532
2708
2588
2542
2641
2573
2521
2642
2524
2615
2505
2570
2515
2538
2575
2511
2658
2570
2515
2523
2511
2567
2459
2542
2609
2532
2656
2612
2511
2568
2634
2536
2473
2610
2659
2605
2544
2558
2589
2445
2616
2626
2569
2572
2552
2573
2624
2547
2582
2602
2573
2517
2611
2604
2640
2628
2497
2623
2575
2656
2606
2575
2442
2556
2454
2530
2626
2577
2497
2559
2557
2550
2560
2498
2537
2536
2609
2488
2583
2628
2558
2545
2507
2535
2566
2575
2464
2579
2612
2543
2624
2614
2610
2538
2552
2539
2608
2553
2548
2622
2517
2510
2587
2553
2536
2542
2550
2555
2526
2501
2574
2593
2489
2549
2613
2651
2472
2535
2535
2609
2512
2588
2542
2558
2540
2546
2517
2518
2632
2580
2550
2545
2569
2654
2500
2500
2589
2597
2598
2635
2569
2572
2568
2588
2552
2573
2573
2644
2558
2539
2554
2480
2582
2497
2593
2572
2492
2591
2597
2646
2493
2548
2515
2539
2481
2447
2601
2518
2560
2559
2506
2534
2555
2506
2551
2548
2582
2586
2641
2629
2551
2574
2554
2621
2548
2544
2585
2558
2561
2546
2575
2517
2589
2599
2564
2589
2576
2601
2610
2557
2578
2522
2526
2524
2576
2549
2516
2627
2532
2504
2519
2514
2551
2527
2583
2476
2566
2599
2464
2498
2597
2605
2649
2550
2556
2573
2593
2605
2560
2572
2566
2531
2559
2519
2555
2523
2567
2539
2547
2509
2582
2551
2474
2440
2499
2559
2602
2550
2502
2557
2528
2612
2567
2570
2624
2511
2542
2497
2494
2523
2549
2502
2532
2527
2431
2539
2580
2637
2578
2549
2508
2697
2562
2568
2501
2466
2597
2609
2540
2513
2590
2534
2551
2602
2520
2634
2490
2549
2560
2594
2512
2597
2526
2505
2554
2601
2486
2485
2565
2530
2539
2614
2606
2594
2540
2602
2549
2528
2559
2526
2551
2528
2577
2515
2615
2583
2591
2559
2572
2590
2590
2539
2624
2589
2595
2633
2498
2562
2545
2542
2622
2577
2509
2521
2511
2532
2532
2544
2607
2561
2552
2611
2523
2504
2594
2565
2519
2636
2513
2596
2614
2562
2565
2495
2599
2494
2502
2513
2481
2470
2658
2578
2583
2492
2572
2588
2572
2453
2583
2557
2607
2565
2560
2545
2523
2583
2506
2534
2599
2588
2520
2526
2587
2573
2549
2580
2592
2585
2551
2486
2548
2521
2553
2599
2624
2618
2515
2475
2542
2578
2514
2658
2680
2530
2577
2591
2549
2587
2567
2595
2472
2586
2531
2581
2604
2516
2563
2517
2551
2533
2557
2625
2552
2584
2641
2635
2596
2551
2513
2615
2595
2580
2615
2549
2563
2545
2513
2511
2545
2536
2587
2546
2507
2502
2680
2586
2635
2606
2550
2621
2528
2553
2495
2526
2556
2559
2510
2539
2605
2590
2563
2527
2551
2545
2535
2509
2526
2563
2590
2563
2465
2565
2505
2619
2677
2560
2484
2597
2577
2614
2590
2625
2565
2536
2552
2519
2530
2646
2563
2557
2450
2617
2550
2539
2582
2529
2586
2523
2598
2422
2568
2597
2643
2490
2480
2539
2621
2525
2529
2460
2482
2604
2559
2593
2644
2542
2518
2572
2543
2557
2596
2619
2570
2598
2564
2579
2470
2537
2481
2547
2507
2552
2489
2615
2544
2469
2559
2574
2469
2574
2525
2556
2518
2590
2573
2549
2565
2506
2528
2559
2541
2655
2553
2591
2558
2583
2657
2539
2581
2507
2584
2498
2578
2469
2530
2702
2514
2574
2546
2603
2501
2585
2554
2562
2631
2586
2607
2617
2573
2586
2578
2502
2529
2571
2541
2567
2611
2599
2564
2642
2584
2494
2696
2535
2533
2574
2590
2614
2542
2522
2526
2643
2596
2540
2545
2562
2599
2591
2512
2528
2478
2460
2514
2573
2523
2543
2610
2462
2605
2550
2523
2453
2502
2535
2594
2556
2612
2575
2554
2634
2527
2520
2542
2493
2536
2541
2501
2560
2563
2485
2690
2492
2584
2618
2571
2498
2627
2557
2534
2543
2515
2617
2522
2541
2535
2540
2545
2557
2475
2560
2590
2538
2524
2476
2541
2591
2520
2573
2582
2538
2635
2496
2566
2667
2578
2635
2480
2635
2614
2590
2500
2530
2597
2568
2568
2563
2482
2511
2547
2535
2578
2543
2646
2479
2518
2562
2602
2493
2487
2572
2601
2570
2613
2593
2493
2503
2530
2563
2451
2591
2547
2590
2549
2533
2571
2567
2525
2573
2613
2504
2601
2544
2597
2537
2573
2468
2603
2612
2635
2538
2568
2541
2599
2493
2586
2581
2530
2578
2513
2544
2506
2588
2528
2522
2568
2623
2543
2510
2559
2543
2653
2580
2581
2593
2559
2491
2586
2594
2589
2551
2547
2526
2532
2510
2560
2528
2542
2573
2560
2625
2609
2466
2497
2620
2546
2531
2517
2515
2493
2527
2575
2477
2504
2676
2606
2550
2461
2605
2556
2580
2532
2610
2514
2496
2561
2541
2639
2576
2546
2558
2555
2630
2569
2535
2537
2593
2487
2582
2607
2573
2575
2537
2555
2541
2556
2553
2597
2589
2593
2584
2548
2547
2548
2646
2516
2519
2549
2560
2523
2611
2625
2599
2482
2544
2524
2559
2545
2550
2551
2602
2578
2554
2599
2581
2607
2660
2524
2469
2604
2495
2490
2576
2530
2601
2578
2491
2615
2559
2555
2585
2541
2498
2525
2600
2579
2613
2590
2538
2617
2629
2580
2578
2562
2530
2680
2643
2515
2507
2527
2577
2618
2516
2667
2447
2517
2587
2601
2475
2518
2548
2444
2510
2425
2497
2613
2527
2566
2623
2641
2564
2581
2558
2569
2483
2551
2566
2561
2581
2570
2637
2611
2513
2505
2619
2554
2474
2561
2605
2527
2556
2609
2534
2501
2487
2475
2519
2478
2525
2564
2593
2521
2504
2462
2515
2571
2699
2568
2580
2523
2530
2543
2509
2536
2616
2471
2570
2472
2557
2583
2573
2569
2596
2589
2511
2559
2597
2504
2631
2549
2575
2511
2496
2604
2555
2530
2576
2554
2613
2529
2604
2443
2503
2514
2615
2531
2563
2540
2620
2602
2536
2512
2563
2511
2533
2468
2520
2547
2499
2562
2520
2556
2631
2619
2544
2550
2665
2563
2570
2497
2531
2635
2519
2529
2524
2517
2543
2507
2561
2592
2642
2471
2571
2614
2513
2630
2528
2522
2558
2446
2528
2469
2594
2589
2606
2499
2584
2582
2486
2485
2597
2582
2625
2564
2508
2594
2484
2644
2556
2546
2625
2541
2531
2627
2523
2552
2553
2580
2543
2504
2555
2568
2553
2518
2547
2573
2429
2641
2577
2570
2569
2566
2512
2446
2542
2454
2506
2627
2597
2559
2561
2557
2508
2517
2592
2562
2522
2547
2571
2519
2581
2439
2612
2571
2581
2510
2519
2568
2616
2519
2552
2610
2511
2591
2581
2635
2528
2502
2542
2570
2556
2443
2504
2591
2510
2671
2625
2566
2520
2575
2583
2584
2610
2565
2497
2630
2524
2479
2615
2611
2505
2568
2572
2531
2587
2443
2505
2547
2530
2538
2538
2588
2534
2644
2592
2565
2583
2522
2575
2594
2521
2540
2648
2507
2567
2585
2600
2608
2525
2528
2492
2610
2537
2514
2572
2514
2500
2600
2561
2583
2625
2516
2571
2458
2584
2582
2505
2567
2615
2482
2525
2582
2511
2507
2540
2565
2601
2547
2571
2598
2589
2518
2587
2623
2587
2558
2608
2480
2564
2541
2529
2510
2588
2523
2499
2532
2535
2593
2465
2523
2540
2587
2569
2497
2602
2568
2464
2588
2539
2658
2496
2598
2529
2608
2564
2512
2556
2633
2524
2588
2563
2630
2592
2625
2555
2579
2529
2592
2545
2577
2645
2537
2580
2552
2622
2535
2562
2488
2547
2515
2561
2532
2540
2659
2592
2579
2557
2604
2433
2584
2604
2520
2516
2595
2579
2504
2606
2578
2546
2580
2474
2525
2639
2512
2499
2529
2569
2566
2548
2529
2593
2597
2613
2564
2543
2542
2575
2600
2617
2571
2624
2602
2485
2528
2509
2543
2527
2535
2512
2566
2611
2621
2609
2553
2593
2608
2665
2491
2624
2651
2507
2501
2515
2593
2532
2556
2499
2620
2453
2541
2598
2561
2567
2525
2593
2566
2528
2632
2559
2521
2574
2520
2514
2522
2617
2493
2575
2590
2514
2483
2640
2508
2517
2572
2557
2606
2588
2660
2572
2494
2559
2433
2539
2570
2517
2485
2634
2580
2562
2559
2608
2499
2549
2611
2594
2524
2542
2632
2562
2609
2536
2636
2558
2557
2619
2604
2588
2501
2590
2538
2486
2451
2564
2600
2516
2633
2477
2491
2465
2598
2612
2578
2497
2622
2539
2547
2520
2536
2503
2554
2570
2620
2561
2519
2540
2516
2599
2546
2587
2628
2554
2589
2542
2552
2542
2599
2546
2583
2600
2476
2492
2573
2604
2539
2569
2593
2604
2518
2603
2519
2545
2533
2554
2527
2518
2610
2555
2578
2542
2499
2639
2569
2575
2645
2569
2479
2604
2546
2581
2568
2606
2658
2560
2559
2677
2591
2518
2588
2518
2632
2562
2563
2586
2617
2488
2530
2587
2608
2550
2556
2553
2529
2651
2521
2556
2491
2525
2580
2494
2623
2514
2544
2543
2556
2539
2552
2552
2552
2540
2557
2562
2474
2517
2560
2522
2485
2497
2538
2539
2511
2576
2577
2489
2612
2509
2537
2592
2548
2556
2608
2516
2602
2496
2631
2560
2473
2511
2517
2585
2603
2537
2584
2533
2602
2473
2537
2559
2625
2478
2531
2585
2490
2597
2592
2594
2595
2570
2582
2621
2599
2504
2564
2594
2580
2577
2540
2496
2554
2583
2546
2524
2530
2613
2601
2516
2575
2576
2584
2559
2573
2547
2567
2578
2437
2564
2562
2526
2561
2571
2601
2541
2568
2598
2577
2542
2554
2568
2579
2573
2551
2565
2532
2671
2592
2518
2541
2509
2477
2486
2494
2641
2555
2570
2534
2579
2495
2675
2590
2556
2522
2485
2525
2587
2624
2562
2479
2513
2464
2642
2595
2609
2521
2493
2572
2622
2541
2482
2495
2612
2523
2591
2479
2581
2534
2550
2516
2541
2561
2573
2575
2559
2551
2577
2487
2532
2552
2592
2660
2515
2571
2529
2543
2604
2542
2529
2550
2550
2614
2556
2537
2551
2567
2544
2577
2488
2558
2537
2575
2616
2670
2581
2576
2598
2552
2505
2472
2463
2524
2525
2558
2507
2545
2633
2588
2539
2603
2584
2580
2610
2548
2504
2527
2502
2592
2495
2510
2637
2539
2497
2523
2594
2528
2531
2585
2510
2535
2568
2555
2445
2553
2616
2562
2572
2575
2487
2588
2544
2595
2663
2601
2540
2482
2574
2604
2496
2488
2509
2529
2567
2643
2600
2604
2576
2658
2574
2459
2523
2554
2552
2534
2590
2462
2546
2550
2624
2537
2546
2526
2545
2551
2507
2604
2599
2517
2594
2513
2567
2522
2634
2572
2586
2562
2609
2541
2513
2656
2594
2553
2489
2617
2554
2590
2560
2618
2478
2514
2623
2509
2648
2558
2548
2591
2544
2622
2607
2526
2523
2512
2550
2541
2568
2600
2618
2484
2596
2528
2594
2485
2547
2538
2571
2545
2558
2517
2529
2619
2556
2518
2534
2571
2516
2551
2639
2608
2617
2600
2531
2579
2557
2431
2523
2485
2644
2517
2550
2567
2569
2532
2492
2613
2556
2573
2597
2553
2581
2548
2648
2561
2538
2616
2615
2558
2576
2590
2488
2619
2538
2502
2491
2557
2554
2477
2530
2591
2615
2645
2591
2574
2516
2629
2589
2464
2545
2608
2548
2512
2596
2527
2482
2513
2473
2610
2508
2593
2613
2545
2494
2523
2473
2438
2569
2487
2556
2612
2506
2599
2595
2625
2563
2548
2570
2513
2565
2498
2542
2583
2478
2548
2573
2595
2639
2640
2561
2605
2608
2510
2556
2572
2526
2632
2643
2466
2615
2504
2517
2611
2569
2588
2495
2631
2525
2565
2610
2617
2518
2556
2556
2613
2592
2567
2541
2544
2504
2545
2549
2538
2464
2525
2484
2439
2565
2621
2565
2595
2553
2513
2478
2649
2603
2601
2586
2626
2510
2586
2597
2546
2634
2561
2541
2567
2518
2672
2505
2519
2583
2559
2601
2587
2580
2524
2618
2538
2553
2582
2563
2613
2572
2573
2599
2491
2574
2536
2557
2566
2496
2499
2518
2649
2634
2508
2564
2575
2541
2561
2540
2551
2537
2556
2508
2545
2643
2594
2497
2626
2521
2623
2586
2538
2614
2616
2560
2539
2655
2532
2514
2496
2559
2571
2580
2555
2565
2583
2523
2576
2567
2628
2445
2511
2488
2552
2592
2532
2554
2611
2570
2538
2541
2607
2477
2588
2609
2527
2503
2546
2625
2546
2572
2555
2554
2548
2473
2522
2591
2556
2591
2501
2563
2670
2524
2557
2575
2526
2523
2550
2602
2590
2674
2575
2595
2484
2568
2570
2585
2534
2634
2485
2680
2551
2623
2533
2547
2606
2573
2639
2557
2595
2472
2614
2492
2580
2627
2509
2616
2515
2585
2644
2497
2529
2558
2573
2539
2565
2548
2543
2517
2503
2568
2571
2506
2485
2635
2532
2498
2574
2545
2617
2574
2487
2612
2610
2575
2609
2597
2613
2573
2620
2566
2527
2591
2611
2556
2529
2560
2571
2487
2607
2521
2515
2588
2528
2532
2565
2596
2481
2554
2545
2602
2571
2603
2604
2577
2538
2582
2600
2621
2531
2578
2663
2589
2548
2528
2469
2475
2551
2623
2528
2582
2615
2635
2571
2601
2526
2566
2533
2553
2509
2552
2515
2502
2607
2632
2577
2666
2560
2574
2518
2510
2500
2498
2489
2545
2699
2607
2574
2537
2523
2610
2538
2559
2551
2618
2556
2584
2592
2550
2615
2570
2470
2550
2579
2464
2534
2517
2534
2543
2507
2566
2547
2579
2554
2459
2563
2562
2553
2578
2607
2491
2536
2606
2550
2564
2520
2531
2481
2589
2495
2611
2541
2482
2582
2509
2673
2519
2588
2505
2579
2527
2562
2546
2580
2585
2524
2514
2544
2507
2554
2600
2584
2503
2522
2485
2518
2554
2521
2545
2596
2601
2480
2583
2583
2461
2586
2464
2518
2506
2580
2530
2607
2639
2542
2416
2529
2546
2609
2487
2623
2611
2665
2528
2608
2537
2442
2490
2595
2520
2651
2542
2546
2576
2569
2492
2505
2522
2512
2587
2539
2500
2544
2517
2510
2488
2521
2647
2548
2567
2435
2618
2554
2629
2576
2535
2483
2622
2541
2589
2578
2545
2623
2533
2582
2466
2559
2563
2583
2528
2577
2614
2541
2535
2581
2571
2546
2544
2508
2475
2530
2602
2523
2545
2609
2596
2594
2541
2508
2567
2578
2592
2574
2551
2554
2562
2566
2540
2556
2487
2554
2560
2592
2566
2485
2563
2570
2574
2489
2522
2455
2580
2566
2503
2627
2571
2462
2563
2524
2616
2557
2596
2509
2606
2556
2574
2473
2522
2541
2630
2566
2531
2509
2617
2535
2564
2502
2606
2567
2534
2552
2546
2582
2547
2504
2633
2526
2554
2523
2598
2534
2571
2542
2453
2504
2566
2552
2554
2561
2551
2581
2527
2549
2528
2547
2629
2570
2616
2594
2576
2612
2516
2534
2577
2554
2539
2580
2568
2552
2559
2512
2613
2521
2528
2629
2582
2523
2550
2602
2513
2509
2513
2603
2544
2597
2574
2557
2567
2548
2510
2547
2477
2522
2501
2572
2507
2642
2620
2537
2462
2498
2593
2669
2551
2533
2535
2603
2535
2470
2619
2589
2558
2545
2539
2518
2589
2570
2550
2558
2612
2470
2665
2553
2561
2580
2534
2596
2534
2640
2448
2544
2582
2605
2619
2556
2494
2578
2600
2672
2517
2480
2551
2593
2467
2595
2565
2547
2631
2551
2535
2632
2510
2576
2531
2519
2609
2458
2605
2533
2519
2609
2553
2608
2591
2521
2552
2595
2591
2547
2542
2619
2513
2657
2720
2489
2567
2528
2496
2483
2513
2556
2599
2527
2600
2540
2648
2603
2473
2489
2515
2544
2587
2524
2442
2565
2485
2565
2545
2549
2587
2595
2609
2496
2602
2559
2512
2543
2532
2549
2595
2584
2546
2527
2563
2658
2531
2520
2557
2534
2520
2551
2639
2577
2645
2509
2546
2544
2584
2652
2518
2553
2534
2528
2591
2552
2555
2505
2457
2567
2599
2642
2578
2618
2583
2474
2582
2583
2451
2556
2572
2622
2525
2565
2582
2612
2512
2558
2587
2531
2573
2563
2479
2556
2637
2561
2454
2511
2542
2500
2543
2523
2502
2436
2603
2569
2479
2581
2659
2527
2516
2515
2480
2572
2609
2608
2468
2627
2524
2539
2435
2560
2564
2589
2595
2559
2574
2550
2575
2522
2537
2505
2505
2516
2564
2534
2573
2439
2525
2537
2574
2574
2496
2593
2607
2595
2572
2549
2515
2473
2548
2555
2533
2631
2581
2617
2611
2569
2538
2561
2511
2581
2539
2583
2585
2594
2542
2613
2663
2549
2534
2589
2606
2530
2572
2575
2695
2554
2539
2525
2492
2644
2538
2536
2581
2535
2546
2527
2646
2537
2585
2501
2537
2566
2587
2531
2401
2533
2560
2580
2534
2496
2584
2555
2567
2585
2517
2617
2596
2608
2548
2484
2459
2459
2527
2607
2561
2645
2428
2529
2569
2563
2590
2507
2548
2527
2628
2570
2597
2521
2582
2602
2600
2552
2560
2517
2561
2525
2548
2527
2524
2530
2458
2515
2582
2485
2601
2608
2561
2494
2581
2613
2550
2567
2570
2567
2588
2615
2587
2572
2585
2475
2593
2554
2541
2569
2571
2512
2549
2527
2557
2577
2501
2533
2486
2557
2516
2627
2541
2507
2490
2559
2515
2559
2487
2615
2580
2503
2551
2519
2448
2526
2543
2586
2637
2454
2569
2688
2543
2560
2534
2549
2596
2541
2567
2632
2543
2630
2529
2542
2581
2584
2567
2548
2497
2516
2561
2550
2551
2483
2567
2563
2533
2609
2484
2577
2523
2623
2548
2631
2586
2433
2591
2527
2497
2531
2520
2551
2487
2578
2506
2495
2578
2556
2521
2588
2607
2606
2464
2496
2536
2509
2564
2516
2487
2556
2498
2501
2576
2584
2510
2486
2576
2605
2529
2521
2559
2606
2526
2497
2562
2583
2602
2469
2592
2556
2640
2548
2538
2548
2505
2527
2538
2600
2578
2617
2657
2498
2613
2520
2530
2566
2547
2480
2648
2564
2618
2575
2565
2510
2480
2443
2537
2530
2518
2680
2490
2537
2602
2596
2473
2618
2508
2652
2518
2566
2491
2537
2562
2607
2488
2603
2561
2564
2511
2620
2660
2522
2585
2458
2505
2545
2513
2522
2592
2519
2447
2549
2592
2643
2492
2589
2488
2519
2570
2522
2505
2624
2564
2582
2593
2502
2499
2544
2642
2531
2573
2562
2508
2432
2516
2634
2515
2555
2574
2616
2565
2554
2531
2527
2589
2569
2488
2637
2611
2607
2605
2592
2610
2612
2543
2464
2586
2527
2480
2627
2514
2484
2570
2585
2542
2569
2538
2592
2604
2584
2565
2521
2560
2579
2649
2583
2555
2622
2516
2537
2541
2560
2535
2571
2566
2612
2547
2573
2579
2577
2601
2618
2574
2513
2578
2558
2512
2584
2573
2561
2498
2595
2520
2498
2552
2607
2544
2552
2587
2508
2529
2623
2601
2577
2653
2499
2508
2557
2599
2485
2544
2535
2577
2556
2636
2611
2603
2530
2489
2550
2553
2630
2648
2549
2572
2628
2546
2509
2561
2559
2541
2599
2528
2546
2594
2621
2567
2502
2536
2646
2528
2473
2579
2616
2595
2618
2603
2523
2515
2599
2620
2483
2514
2572
2559
2591
2578
2607
2560
2606
2655
2559
2483
2569
2567
2557
2524
2423
2526
2591
2549
2591
2521
2448
2493
2573
2563
2589
2574
2543
2593
2652
2556
2522
2531
2555
2570
2583
2580
2541
2454
2593
2479
2563
2510
2532
2647
2629
2555
2436
2484
2545
2399
2584
2533
2587
2529
2590
2498
2610
2600
2501
2458
2480
2533
2629
2628
2573
2527
2541
2542
2554
2609
2499
2541
2612
2532
2559
2549
2422
2671
2586
2585
2558
2548
2510
2590
2541
2599
2580
2439
2671
2487
2574
2557
2530
2506
2482
2614
2529
2536
2538
2621
2601
2519
2523
2429
2589
2505
2552
2622
2517
2571
2651
2566
2566
2578
2542
2580
2569
2592
2525
2545
2601
2560
2578
2622
2529
2520
2567
2519
2578
2636
2598
2666
2516
2515
2529
2462
2548
2535
2576
2462
2582
2579
2554
2559
2499
2557
2577
2586
2508
2528
2556
2602
2564
2562
2631
2604
2578
2511
2623
2527
2513
2620
2525
2530
2499
2432
2659
2626
2520
2607
2610
2583
2587
2549
2619
2565
2532
2552
2473
2623
2512
2608
2540
2652
2540
2550
2536
2496
2544
2616
2533
2579
2607
2536
2591
2584
2569
2521
2541
2501
2568
2524
2592
2470
2572
2549
2533
2602
2540
2589
2567
2520
2593
2569
2582
2605
2548
2603
2402
2469
2575
2489
2537
2624
2551
2580
2505
2567
2499
2579
2481
2588
2634
2544
2513
2618
2627
2511
2535
2482
2549
2600
2596
2472
2500
2498
2583
2649
2533
2630
2516
2614
2560
2545
2510
2603
2517
2616
2653
2578
2547
2574
2653
2619
2518
2438
2566
2511
2603
2429
2638
2626
2506
2568
2511
2582
2523
2536
2458
2571
2615
2496
2540
2534
2559
2580
2588
2503
2539
2539
2531
2523
2562
2557
2552
2503
2582
2544
2595
2560
2513
2603
2663
2536
2573
2551
2529
2465
2591
2585
2600
2536
2511
2597
2533
2465
2541
2516
2611
2628
2605
2514
2535
2572
2636
2489
2575
2533
2601
2471
2559
2630
2556
2510
2535
2583
2481
2576
2499
2574
2514
2537
2563
2499
2547
2572
2554
2527
2567
2575
2542
2669
2578
2540
2556
2485
2595
2518
2561
2543
2612
2596
2583
2606
2643
2524
2569
2507
2529
2533
2599
2542
2560
2571
2605
2518
2589
2576
2505
2589
2522
2559
2527
2528
2566
2616
2597
2559
2546
2559
2602
2532
2526
2561
2525
2464
2559
2617
2520
2489
2570
2691
2602
2549
2602
2590
2540
2526
2478
2595
2548
2557
2503
2525
2600
2610
2541
2562
2495
2533
2577
2549
2560
2549
2508
2485
2573
2614
2598
2608
2516
2605
2630
2486
2572
2591
2534
2545
2497
2510
2584
2503
2523
2564
2502
2548
2477
2544
2574
2475
2511
2562
2580
2522
2486
2567
2541
2565
2623
2562
2554
2614
2503
2523
2498
2488
2636
2550
2540
2472
2471
2614
2531
2573
2489
2560
2468
2555
2577
2576
2536
2537
2560
2600
2562
2509
2600
2598
2606
2638
2596
2525
2559
2531
2528
2533
2463
2556
2550
2531
2636
2633
2528
2582
2609
2494
2564
2548
2488
2593
2585
2435
2515
2635
2569
2523
2580
2508
2654
2600
2571
2547
2656
2578
2534
2599
2534
2568
2551
2582
2532
2613
2594
2497
2581
2597
2435
2565
2542
2586
2665
2544
2570
2455
2612
2556
2567
2556
2588
2614
2649
2563
2579
2524
2599
2557
2597
2534
2511
2588
2567
2590
2564
2526
2603
2512
2552
2507
2507
2507
2576
2523
2518
2499
2583
2580
2485
2683
2559
2512
2575
2566
2629
2569
2626
2511
2544
2597
2452
2488
2566
2577
2500
2506
2567
2505
2454
2529
2611
2595
2532
2559
2518
2489
2577
2528
2570
2502
2591
2579
2530
2563
2621
2637
2514
2541
2610
2562
2574
2595
2473
2551
2562
2502
2491
2478
2628
2674
2572
2466
2533
2581
2555
2536
2617
2627
2585
2532
2530
2564
2540
2553
2448
2603
2616
2593
2544
2588
2555
2639
2510
2547
2609
2534
2532
2552
2537
2617
2657
2571
2513
2494
2586
2568
2513
2579
2598
2590
2566
2500
2529
2523
2413
2555
2550
2598
2496
2597
2590
2551
2596
2575
2600
2569
2516
2563
2635
2545
2482
2578
2537
2550
2470
2576
2582
2614
2612
2576
2567
2556
2583
2586
2535
2564
2554
2492
2595
2577
2533
2463
2534
2599
2520
2564
2508
2572
2569
2552
2621
2630
2628
2511
2581
2563
2517
2546
2552
2597
2581
2472
2634
2583
2583
2606
2541
2556
2563
2512
2630
2491
2586
2591
2603
2506
2636
2540
2518
2563
2542
2574
2567
2561
2534
2553
2551
2522
2593
2608
2573
2533
2629
2590
2569
2614
2531
2567
2600
2590
2552
2514
2563
2496
2564
2515
2583
2462
2472
2627
2592
2562
2574
2539
2568
2611
2478
2542
2648
2585
2571
2543
2542
2559
2594
2606
2612
2555
2598
2504
2551
2548
2571
2538
2524
2536
2555
2530
2495
2556
2571
2609
2513
2470
2458
2535
2542
2606
2545
2575
2485
2561
2458
2545
2550
2606
2565
2635
2641
2556
2531
2643
2483
2467
2491
2518
2546
2486
2529
2594
2547
2526
2569
2559
2516
2507
2650
2595
2580
2577
2431
2578
2544
2592
2583
2586
2589
2582
2627
2505
2555
2546
2584
2628
2578
2646
2586
2529
2525
2532
2584
2696
2496
2526
2576
2559
2517
2544
2532
2542
2555
2614
2605
2571
2556
2589
2582
2534
2556
2452
2608
2530
2504
2552
2539
2620
2508
2585
2560
2664
2493
2487
2599
2586
2570
2562
2576
2591
2614
2540
2558
2533
2506
2621
2509
2533
2554
2441
2566
2608
2523
2624
2473
2660
2567
2540
2559
2581
2541
2541
2625
2618
2556
2507
2614
2523
2527
2430
2516
2633
2648
2537
2660
2645
2441
2575
2550
2535
2623
2599
2635
2578
2517
2536
2576
2633
2505
2583
2574
2551
2544
2541
2554
2660
2588
2482
2559
2492
2591
2630
2638
2506
2642
2585
2564
2583
2402
2547
2539
2473
2592
2547
2540
2650
2458
2562
2565
2548
2536
2528
2435
2513
2528
2550
2456
2539
2587
2526
2588
2501
2557
2598
2625
2501
2593
2574
2538
2612
2596
2510
2594
2585
2560
2590
2598
2432
2608
2607
2592
2656
2596
2542
2514
2600
2497
2583
2608
2570
2601
2661
2587
2595
2521
2613
2617
2565
2473
2526
2574
2561
2585
2496
2556
2517
2580
2603
2635
2598
2601
2569
2529
2551
2511
2520
2545
2539
2559
2640
2504
2478
2573
2580
2540
2483
2648
2618
2643
2554
2625
2550
2599
2550
2441
2514
2542
2572
2679
2546
2439
2569
2538
2623
2584
2616
2547
2619
2556
2584
2510
2552
2621
2624
2595
2557
2562
2502
2517
2543
2527
2567
2579
2525
2542
2650
2598
2562
2545
2493
2525
2602
2568
2568
2539
2616
2600
2566
2558
2592
2541
2601
2592
2583
2540
2500
2580
2607
2492
2578
2618
2622
2566
2609
2656
2623
2586
2604
2432
2556
2541
2578
2524
2481
2526
2516
2542
2537
2554
2522
2576
2584
2549
2524
2534
2489
2641
2566
2551
2637
2618
2543
2514
2560
2626
2516
2579
2507
2606
2546
2577
2485
2545
2553
2511
2606
2540
2593
2604
2562
2575
2583
2633
2565
2566
2590
2522
2521
2472
2580
2561
2473
2539
2587
2617
2570
2542
2579
2460
2602
2487
2537
2515
2504
2489
2535
2489
2605
2591
2573
2599
2586
2572
2544
2550
2582
2574
2546
2563
2573
2550
2539
2493
2524
2575
2494
2559
2557
2619
2584
2661
2593
2636
2532
2513
2501
2559
2557
2551
2598
2526
2608
2550
2565
2601
2580
2555
2587
2496
2604
2507
2611
2628
2548
2546
2440
2539
2530
2470
2656
2529
2621
2471
2499
2505
2587
2524
2567
2539
2655
2554
2510
2589
2590
2518
2548
2561
2494
2596
2567
2462
2615
2510
2564
2562
2600
2600
2558
2584
2523
2577
2523
2617
2513
2593
2580
2601
2609
2546
2536
2575
2585
2503
2533
2490
2470
2526
2581
2509
2588
2612
2564
2584
2580
2558
2548
2575
2580
2437
2568
2580
2618
2507
2660
2603
2551
2497
2494
2515
2551
2546
2523
2522
2539
2546
2500
2500
2588
2578
2496
2553
2541
2556
2574
2652
2658
2576
2595
2574
2515
2508
2629
2530
2675
2594
2553
2512
2522
2460
2641
2582
2550
2584
2654
2569
2572
2554
2572
2485
2568
2468
2538
2577
2494
2514
2601
2519
2565
2506
2544
2557
2549
2527
2627
2490
2606
2478
2594
2553
2613
2535
2609
2551
2492
2584
2486
2602
2431
2484
2556
2608
2495
2469
2567
2587
2611
2578
2559
2614
2622
2491
2623
2522
2546
2529
2515
2609
2499
2583
2689
2594
2659
2447
2564
2569
2531
2523
2610
2565
2494
2525
2538
2591
2627
2593
2571
2501
2563
2532
2544
2482
2531
2524
2498
2575
2541
2681
2580
2555
2538
2425
2498
2474
2646
2586
2561
2436
2542
2548
2589
2547
2483
2442
2662
2536
2570
2596
2540
2496
2479
2548
2574
2566
2613
2468
2500
2523
2616
2535
2533
2552
2522
2520
2575
2535
2531
2665
2538
2558
2560
2513
2521
2460
2633
2633
2501
2538
2562
2478
2562
2553
2566
2541
2582
2575
2591
2531
2518
2595
2516
2556
2594
2538
2443
2546
2526
2640
2444
2541
2587
2578
2644
2544
2550
2516
2610
2595
2482
2559
2499
2569
2522
2541
2590
2504
2601
2504
2624
2564
2550
2535
2560
2557
2549
2550
2499
2559
2478
2570
2560
2552
2483
2604
2584
2481
2648
2548
2543
2573
2556
2589
2582
2549
2550
2625
2583
2511
2578
2535
2565
2575
2589
2549
2555
2599
2482
2518
2649
2620
2595
2577
2451
2496
2597
2550
2599
2529
2660
2517
2498
2520
2562
2532
2512
2577
2559
2531
2615
2590
2557
2513
2546
2533
2636
2625
2499
2621
2439
2588
2595
2495
2524
2612
2531
2565
2508
2587
2590
2537
2553
2586
2624
2558
2520
2621
2642
2493
2607
2620
2644
2602
2424
2553
2565
2521
2578
2727
2558
2555
2542
2506
2630
2592
2595
2531
2584
2572
2558
2669
2546
2569
2539
2531
2563
2615
2557
2511
2541
2653
2525
2578
2602
2601
2623
2582
2566
2486
2617
2632
2451
2574
2592
2590
2646
2492
2518
2610
2632
2565
2623
2563
2594
2482
2634
2623
2575
2612
2576
2589
2522
2570
2673
2504
2531
2552
2517
2633
2561
2559
2533
2573
2591
2593
2559
2550
2588
2565
2541
2544
2559
2506
2574
2400
2641
2520
2582
2670
2594
2509
2457
2504
2602
2520
2622
2439
2511
2512
2493
2524
2528
2572
2578
2493
2620
2533
2590
2514
2548
2482
2562
2538
2526
2580
2492
2542
2585
2587
2536
2520
2518
2545
2540
2493
2573
2566
2574
2578
2509
2559
2525
2488
2546
2575
2576
2600
2585
2550
2610
2534
2581
2599
2629
2564
2579
2536
2588
2520
2474
2543
2511
2532
2698
2527
2552
2512
2591
2525
2501
2576
2609
2509
2545
2539
2536
2587
2650
2543
2604
2590
2555
2555
2609
2545
2554
2605
2550
2595
2615
2516
2601
2509
2508
2552
2495
2592
2536
2518
2582
2588
2613
2552
2511
2545
2605
2627
2582
2513
2509
2571
2584
2475
2540
2629
2508
2584
2596
2520
2471
2524
2542
2445
2467
2536
2522
2611
2520
2484
2595
2510
2625
2568
2537
2523
2597
2578
2580
2589
2540
2570
2546
2642
2508
2561
2485
2531
2578
2513
2460
2477
2541
2595
2619
2587
2601
2572
2457
2554
2471
2496
2504
2535
2616
2537
2530
2585
2594
2543
2583
2515
2538
2567
2545
2509
2492
2550
2564
2566
2580
2618
2604
2567
2511
2542
2626
2576
2601
2587
2532
2575
2467
2587
2497
2585
2538
2554
2541
2516
2550
2530
2566
2661
2578
2529
2585
2595
2526
2584
2592
2571
2563
2662
2475
2604
2616
2500
2555
2615
2511
2658
2534
2543
2615
2500
2639
2582
2579
2579
2479
2516
2565
2473
2605
2529
2594
2561
2545
2636
2554
2552
2470
2544
2565
2584
2538
2497
2603
2545
2597
2665
2611
2606
2555
2614
2570
2564
2527
2518
2453
2539
2550
2622
2597
2542
2602
2526
2506
2587
2536
2611
2645
2473
2581
2500
2575
2562
2525
2488
2485
2518
2606
2563
2537
2589
2502
2538
2600
2526
2508
2371
2634
2575
2534
2604
2531
2516
2505
2713
2566
2562
2514
2509
2546
2504
2586
2515
2596
2514
2542
2555
2520
2672
2628
2491
2494
2476
2633
2629
2553
2568
2552
2502
2527
2616
2509
2591
2529
2417
2571
2593
2557
2563
2575
2552
2546
2516
2574
2584
2551
2508
2626
2593
2511
2604
2614
2633
2482
2488
2609
2552
2573
2674
2567
2554
2554
2543
2592
2497
2584
2564
2560
2568
2650
2537
2546
2590
2560
2579
2556
2597
2475
2641
2564
2554
2587
2528
2529
2535
2548
2642
2501
2591
2438
2539
2531
2510
2561
2531
2563
2527
2563
2430
2570
2498
2596
2525
2576
2597
2526
2553
2498
2594
2535
2573
2570
2528
2513
2526
2552
2552
2603
2535
2552
2545
2491
2566
2595
2636
2556
2553
2515
2556
2518
2551
2662
2540
2465
2614
2587
2601
2510
2562
2568
2589
2608
2565
2447
2610
2500
2593
2482
2622
2511
2578
2555
2599
2586
2634
2550
2543
2558
2550
2582
2526
2585
2611
2528
2575
2592
2618
2588
2600
2574
2489
2608
2456
2518
2517
2489
2536
2593
2567
2498
2577
2612
2505
2536
2536
2505
2631
2591
2553
2656
2555
2509
2539
2516
2554
2582
2477
2506
2558
2497
2598
2563
2593
2528
2571
2567
2535
2593
2502
2590
2510
2605
2505
2537
2481
2595
2547
2544
2521
2637
2523
2590
2502
2489
2625
2484
2560
2586
2602
2590
2538
2582
2470
2571
2592
2592
2465
2599
2594
2575
2584
2523
2511
2540
2535
2476
2508
2567
2550
2542
2585
2686
2526
2564
2596
2605
2641
2606
2467
2568
2567
2667
2587
2565
2596
2516
2632
2526
2506
2602
2582
2521
2573
2571
2518
2516
2548
2553
2575
2641
2583
2527
2502
2509
2512
2559
2647
2562
2482
2509
2533
2556
2585
2615
2549
2610
2548
2655
2535
2481
2536
2586
2506
2578
2509
2563
2606
2579
2546
2664
2536
2546
2689
2569
2480
2597
2540
2533
2571
2593
2624
2645
2561
2605
2552
2555
2554
2576
2650
2487
2654
2608
2605
2620
2503
2636
2652
2515
2556
2536
2591
2629
2482
2556
2559
2584
2544
2497
2587
2571
2511
2530
2632
2507
2508
2602
2507
2600
2626
2502
2454
2518
2536
2579
2629
2557
2496
2585
2609
2578
2543
2543
2570
2563
2507
2542
2608
2585
2651
2539
2520
2601
2642
2507
2634
2510
2464
2501
2554
2636
2501
2513
2588
2531
2638
2520
2518
2550
2504
2545
2500
2498
2572
2543
2559
2497
2542
2568
2598
2614
2567
2530
2592
2551
2472
2575
2510
2622
2568
2572
2517
2549
2551
2552
2555
2529
2558
2646
2624
2593
2568
2592
2563
2520
2535
2508
2600
2589
2561
2477
2561
2503
2548
2552
2588
2478
2529
2520
2520
2549
2562
2554
2464
2534
2525
2604
2593
2545
2571
2604
2601
2526
2494
2561
2527
2524
2622
2664
2546
2566
2558
2555
2494
2573
2493
2557
2484
2559
2602
2506
2498
2531
2536
2528
2558
2518
2578
2608
2544
2567
2577
2632
2563
2653
2544
2554
2552
2564
2597
2416
2611
2590
2534
2682
2538
2458
2615
2550
2577
2565
2501
2514
2609
2551
2522
2425
2523
2600
2577
2533
2585
2507
2523
2629
2602
2601
2512
2553
2584
2614
2584
2552
2560
2543
2540
2472
2633
2599
2594
2551
2593
2526
2564
2544
2578
2489
2606
2542
2579
2538
2456
2564
2591
2526
2488
2549
2582
2523
2524
2593
2523
2539
2642
2616
2499
2547
2571
2617
2662
2517
2593
2597
2608
2553
2614
2472
2600
2494
2537
2556
2590
2590
2611
2649
2579
2628
2613
2518
2575
2573
2505
2514
2519
2578
2553
2592
2541
2530
2493
2579
2555
2591
2457
2565
2625
2565
2622
2535
2609
2522
2619
2590
2543
2546
2529
2511
2539
2540
2496
2474
2496
2533
2618
2544
2648
2579
2521
2487
2604
2554
2488
2538
2604
2543
2559
2560
2595
2544
2563
2551
2522
2644
2613
2595
2560
2442
2616
2622
2547
2564
2572
2573
2501
2566
2572
2616
2601
2633
2490
2454
2588
2611
2660
2579
2510
2668
2528
2575
2604
2529
2578
2599
2574
2630
2579
2591
2482
2586
2472
2522
2525
2527
2540
2612
2573
2618
2599
2566
2549
2529
2481
2511
2506
2513
2635
2592
2507
2598
2549
2575
2601
2559
2608
2525
2597
2551
2526
2539
2520
2600
2605
2584
2534
2568
2496
2531
2590
2525
2550
2583
2582
2646
2550
2527
2569
2631
2534
2499
2656
2568
2455
2504
2555
2578
2495
2546
2591
2533
2614
2551
2543
2513
2551
2566
2610
2628
2546
2522
2602
2593
2552
2550
2589
2524
2576
2594
2541
2574
2637
2528
2603
2560
2569
2585
2538
2555
2663
2602
2535
2576
2623
2551
2572
2569
2549
2492
2513
2516
2527
2517
2452
2579
2581
2625
2578
2572
2538
2606
2589
2426
2702
2605
2569
2535
2616
2583
2585
2514
2566
2633
2650
2565
2657
2526
2561
2540
2583
2622
2589
2598
2522
2536
2586
2535
2595
2549
2463
2604
2668
2525
2545
2513
2539
2598
2588
2564
2476
2544
2517
2602
2595
2552
2547
2605
2561
2647
2539
2499
2501
2558
2564
2549
2587
2473
2629
2529
2662
2519
2441
2597
2640
2585
2618
2491
2596
2580
2541
2550
2547
2509
2581
2494
2600
2549
2571
2508
2448
2606
2592
2492
2642
2556
2580
2558
2585
2564
2563
2569
2603
2577
2565
2530
2616
2538
2533
2553
2546
2551
2571
2624
2451
2570
2518
2584
2523
2501
2524
2525
2600
2486
2569
2507
2615
2570
2536
2530
2553
2628
2613
2556
2517
2521
2456
2481
2568
2552
2495
2530
2572
2592
2593
2586
2538
2478
2536
2602
2535
2563
2563
2552
2598
2588
2563
2639
2504
2560
2578
2591
2466
2476
2559
2554
2574
2587
2542
2518
2583
2511
2467
2594
2530
2609
2570
2523
2584
2522
2532
2565
2602
2533
2553
2440
2606
2511
2555
2549
2559
2635
2511
2520
2651
2561
2563
2511
2634
2489
2489
2577
2553
2535
2500
2520
2580
2554
2584
2560
2538
2577
2484
2564
2590
2597
2569
2575
2502
2564
2531
2621
2574
2546
2523
2527
2616
2587
2584
2567
2536
2562
2565
2497
2504
2587
2593
2578
2600
2616
2584
2566
2637
2603
2625
2582
2446
2560
2588
2569
2569
2566
2556
2507
2665
2528
2535
2579
2537
2565
2500
2612
2594
2562
2576
2499
2539
2561
2573
2554
2591
2510
2575
2553
2625
2571
2552
2515
2528
2543
2507
2503
2567
2592
2598
2516
2592
2568
2520
2607
2498
2547
2522
2527
2621
2506
2600
2684
2502
2571
2544
2563
2477
2562
2659
2612
2525
2556
2645
2598
2498
2591
2560
2579
2539
2578
2500
2531
2511
2580
2476
2607
2480
2583
2487
2555
2514
2606
2582
2567
2596
2533
2571
2560
2497
2565
2543
2523
2532
2444
2634
2507
2559
2508
2517
2528
2654
2604
2568
2534
2491
2550
2571
2518
2584
2515
2596
2537
2589
2524
2661
2614
2560
2511
2501
2639
2489
2500
2579
2519
2563
2570
2494
2629
2562
2566
2532
2581
2562
2562
2560
2581
2496
2520
2617
2533
2554
2561
2609
2638
2536
2556
2517
2502
2550
2605
2515
2572
2598
2568
2601
2588
2639
2611
2479
2514
2440
2679
2533
2612
2575
2535
2534
2555
2489
2536
2574
2581
2655
2619
2520
2585
2641
2593
2596
2553
2551
2576
2612
2525
2544
2555
2471
2611
2463
2534
2643
2558
2527
2573
2568
2605
2589
2532
2531
2448
2526
2622
2625
2572
2473
2567
2425
2531
2558
2694
2487
2516
2524
2540
2543
2572
2510
2653
2551
2619
2506
2534
2512
2515
2550
2466
2593
2510
2572
2475
2576
2537
2501
2526
2494
2529
2550
2607
2574
2485
2559
2568
2628
2476
2482
2592
2526
2663
2490
2596
2631
2537
2558
2554
2494
2633
2611
2575
2633
2554
2545
2596
2563
2550
2602
2534
2562
2515
2555
2596
2584
2555
2611
2560
2556
2502
2546
2617
2503
2512
2516
2601
2563
2484
2554
2508
2507
2611
2513
2523
2683
2526
2533
2621
2574
2497
2602
2614
2500
2553
2569
2535
2576
2574
2557
2466
2605
2598
2587
2510
2613
2589
2582
2498
2617
2534
2646
2497
2580
2529
2586
2554
2553
2516
2520
2657
2483
2512
2533
2437
2584
2510
2635
2556
2480
2582
2561
2507
2590
2581
2568
2566
2510
2597
2548
2435
2611
2504
2539
2488
2516
2534
2482
2661
2475
2582
2519
2538
2526
2555
2473
2584
2486
2523
2524
2534
2609
2529
2582
2512
2490
2623
2513
2553
2519
2578
2568
2502
2576
2563
2657
2600
2595
2510
2553
2573
2522
2546
2629
2587
2517
2580
2509
2527
2590
2435
2600
2477
2514
2622
2538
2535
2598
2546
2528
2552
2612
2464
2523
2543
2597
2541
2529
2521
2601
2593
2615
2570
2466
2586
2579
2580
2512
2636
2615
2531
2505
2529
2554
2548
2500
2609
2593
2536
2489
2563
2492
2487
2591
2513
2618
2535
2544
2542
2487
2596
2520
2593
2526
2581
2607
2526
2557
2498
2651
2597
2625
2539
2562
2587
2604
2618
2627
2537
2522
2657
2524
2578
2545
2524
2591
2509
2493
2556
2479
2664
2540
2651
2557
2633
2548
2576
2531
2500
2557
2525
2613
2547
2552
2555
2601
2521
2562
2567
2579
2631
2508
2596
2557
2547
2522
2569
2542
2563
2609
2609
2595
2495
2601
2608
2568
2591
2590
2446
2508
2581
2545
2576
2535
2537
2648
2615
2559
2558
2623
2566
2577
2554
2610
2561
2485
2581
2560
2573
2517
2529
2547
2506
2554
2523
2610
2499
2537
2555
2548
2445
2518
2557
2635
2615
2530
2521
2605
2592
2500
2515
2543
2581
2532
2595
2524
2542
2481
2573
2601
2572
2523
2553
2652
2509
2551
2509
2571
2546
2579
2527
2635
2606
2625
2549
2634
2581
2548
2658
2652
2472
2509
2445
2509
2607
2493
2639
2535
2586
2561
2563
2582
2581
2630
2624
2512
2525
2556
2571
2570
2503
2578
2583
2634
2667
2584
2616
2519
2572
2563
2546
2493
2630
2580
2561
2446
2492
2479
2474
2564
2557
2548
2618
2589
2550
2577
2531
2533
2631
2510
2522
2459
2465
2543
2576
2605
2617
2525
2519
2583
2551
2615
2586
2563
2574
2566
2631
2640
2581
2578
2636
2549
2631
2504
2518
2616
2608
2503
2555
2533
2679
2544
2566
2525
2636
2509
2595
2531
2544
2632
2550
2600
2596
2579
2550
2468
2586
2512
2580
2556
2560
2600
2611
2600
2557
2548
2497
2616
2482
2597
2555
2604
2442
2634
2564
2563
2624
2645
2497
2493
2509
2549
2621
2529
2561
2634
2621
2554
2484
2510
2475
2532
2583
2549
2555
2599
2575
2537
2581
2598
2604
2526
2525
2475
2666
2509
2507
2660
2601
2555
2562
2536
2537
2473
2548
2567
2536
2584
2619
2546
2586
2637
2600
2661
2513
2562
2550
2443
2475
2597
2592
2594
2583
2620
2568
2602
2582
2507
2509
2524
2580
2556
2577
2650
2542
2624
2480
2594
2571
2503
2576
2465
2524
2497
2491
2560
2488
2505
2469
2559
2573
2507
2503
2543
2605
2535
2581
2612
2566
2481
2550
2468
2572
2574
2492
2564
2508
2580
2575
2549
2507
2621
2565
2597
2603
2602
2652
2567
2517
2507
2534
2616
2544
2546
2566
2523
2618
2490
2565
2523
2580
2584
2497
2541
2590
2580
2573
2485
2598
2548
2562
2561
2565
2573
2541
2558
2567
2558
2587
2492
2515
2556
2512
2494
2557
2560
2576
2627
2522
2536
2530
2510
2567
2527
2618
2580
2569
2471
2617
2532
2582
2551
2537
2492
2661
2547
2569
2522
2580
2570
2490
2553
2543
2530
2524
2625
2516
2527
2586
2558
2603
2547
2640
2543
2506
2530
2595
2648
2486
2588
2588
2496
2535
2614
2570
2627
2489
2610
2546
2508
2591
2507
2571
2605
2581
2564
2546
2485
2555
2570
2491
2584
2583
2635
2615
2567
2653
2612
2489
2595
2545
2540
2493
2593
2557
2629
2565
2486
2547
2489
2533
2578
2580
2564
2559
2606
2557
2488
2658
2403
2531
2544
2558
2541
2557
2594
2595
2530
2589
2555
2578
2590
2555
2648
2561
2574
2538
2553
2591
2606
2596
2575
2563
2449
2504
2524
2587
2528
2569
2494
2599
2598
2573
2542
2506
2557
2529
2532
2569
2444
2555
2580
2586
2577
2546
2579
2520
2597
2563
2527
2537
2464
2596
2554
2628
2602
2521
2521
2660
2596
2557
2569
2633
2612
2682
2559
2558
2502
2554
2620
2518
2585
2633
2603
2605
2469
2564
2542
2530
2582
2595
2540
2564
2471
2590
2530
2604
2469
2556
2657
2522
2628
2545
2632
2523
2545
2503
2538
2472
2552
2555
2575
2566
2567
2599
2529
2502
2563
2637
2527
2630
2526
2516
2573
2575
2562
2527
2551
2500
2645
2547
2663
2553
2596
2494
2509
2494
2570
2590
2528
2615
2583
2542
2503
2544
2570
2639
2632
2571
2648
2569
2590
2581
2510
2482
2547
2626
2488
2564
2528
2515
2503
2573
2513
2627
2641
2557
2540
2533
2590
2521
2488
2505
2613
2607
2557
2476
2460
2539
2604
2634
2594
2588
2538
2624
2537
2569
2608
2609
2567
2594
2570
2552
2563
2626
2533
2508
2613
2606
2648
2563
2512
2521
2503
2510
2497
2608
2561
2507
2607
2604
2498
2529
2593
2582
2550
2616
2526
2629
2543
2470
2597
2491
2527
2529
2654
2562
2570
2646
2495
2555
2525
2607
2577
2572
2555
2573
2520
2539
2664
2475
2518
2607
2563
2601
2533
2538
2534
2519
2599
2463
2580
2570
2477
2596
2602
2485
2496
2594
2568
2573
2536
2567
2610
2560
2581
2612
2525
2482
2585
2426
2544
2585
2557
2559
2589
2546
2586
2508
2600
2662
2589
2539
2561
2568
2508
2535
2528
2441
2550
2596
2547
2565
2515
2508
2520
2562
2599
2527
2561
2565
2502
2594
2505
2605
2621
2548
2682
2603
2578
2452
2526
2564
2566
2616
2556
2594
2546
2532
2594
2472
2542
2608
2575
2587
2623
2520
2550
2573
2501
2571
2537
2535
2586
2516
2561
2518
2547
2608
2603
2528
2570
2601
2557
2540
2568
2547
2545
2548
2571
2545
2539
2617
2552
2529
2582
2493
2576
2572
2631
2585
2565
2597
2592
2476
2583
2564
2577
2500
2569
2602
2517
2586
2546
2669
2508
2545
2515
2573
2576
2578
2549
2560
2527
2545
2568
2545
2564
2630
2548
2605
2494
2559
2585
2533
2588
2595
2517
2646
2496
2486
2667
2531
2583
2588
2553
2620
2602
2436
2610
2519
2595
2617
2561
2567
2641
2572
2491
2609
2499
2518
2577
2566
2597
2554
2535
2592
2578
2544
2568
2504
2604
2584
2547
2564
2498
2555
2573
2587
2463
2535
2496
2661
2571
2564
2520
2543
2494
2563
2578
2575
2566
2563
2502
2559
2618
2596
2454
2570
2570
2536
2573
2564
2535
2584
2533
2579
2572
2628
2513
2470
2527
2553
2554
2588
2596
2532
2600
2570
2609
2561
2576
2579
2494
2578
2488
2655
2578
2506
2565
2491
2505
2527
2494
2550
2628
2574
2544
2577
2537
2651
2552
2563
2667
2542
2591
2528
2521
2532
2558
2616
2523
2537
2514
2528
2627
2495
2536
2516
2560
2543
2562
2640
2574
2505
2523
2632
2499
2536
2552
2495
2551
2561
2504
2498
2633
2568
2558
2474
2584
2542
2551
2569
2623
2441
2531
2551
2540
2525
2553
2479
2501
2534
2569
2568
2529
2580
2507
2517
2518
2606
2619
2478
2542
2529
2506
2576
2610
2584
2518
2459
2540
2609
2581
2574
2544
2502
2540
2526
2522
2547
2509
2561
2655
2528
2545
2563
2499
2512
2615
2427
2506
2531
2552
2610
2547
2506
2615
2537
2645
2568
2513
2654
2585
2484
2623
2568
2545
2563
2563
2617
2554
2609
2491
2511
2451
2608
2603
2525
2519
2589
2569
2559
2592
2588
2521
2606
2540
2451
2552
2520
2521
2600
2526
2568
2456
2552
2593
2547
2566
2642
2414
2567
2535
2455
2533
2467
2572
2592
2575
2560
2595
2565
2597
2425
2613
2556
2561
2548
2447
2601
2608
2597
2614
2560
2595
2557
2514
2595
2554
2595
2510
2617
2565
2562
2552
2595
2595
2582
2623
2611
2527
2533
2598
2569
2527
2532
2605
2450
2598
2584
2521
2539
2625
2572
2551
2505
2478
2556
2532
2563
2545
2569
2584
2553
2581
2689
2542
2589
2547
2570
2597
2633
2522
2482
2510
2536
2546
2548
2551
2518
2625
2530
2531
